5
(0.0 , 0.0) (0.0 , 0.98) (0.1 , 2.0) (0.2 , 3.0) (0.4 , 4.0) (0.6 , 4.9) (0.9 , 5.9) (1.3 , 6.8) (1.7 , 7.7) (2.2 , 8.6) (2.7 , 9.4) (3.3 , 10.3) (4.0 , 11.0) (4.7 , 11.8) (5.4 , 12.4) (6.2 , 13.1) (7.0 , 13.7) (7.8 , 14.2) (8.7 , 14.7) (9.6 , 15.1) (10.5 , 15.5) (11.5 , 15.8) (12.4 , 16.0) (13.4 , 16.2) (14.4 , 16.3) (15.4 , 16.4) (16.4 , 16.4) (17.4 , 16.3) (18.4 , 16.2) (19.4 , 16.0) (20.4 , 15.8) (21.3 , 15.5) (22.2 , 15.1) (23.1 , 14.7) (24.0 , 14.2) (24.9 , 13.7) (25.7 , 13.1) (26.4 , 12.4) (27.2 , 11.8) (27.9 , 11.0) (28.5 , 10.3) (29.1 , 9.4) (29.6 , 8.6) (30.1 , 7.7) (30.5 , 6.8) (30.9 , 5.9) (31.2 , 4.9) (31.4 , 4.0) (31.6 , 3.0) (31.8 , 2.0) (31.8 , 1.0) (31.8 , 0.0) (31.8 , -1.0) (31.6 , -2.0) (31.4 , -3.0) (31.2 , -3.9) (30.9 , -4.9) (30.5 , -5.8) (30.1 , -6.7) (29.6 , -7.6) (29.1 , -8.4) (28.5 , -9.3) (27.9 , -10.0) (27.2 , -10.8) (26.4 , -11.4) (25.7 , -12.1) (24.9 , -12.7) (24.0 , -13.2) (23.1 , -13.7) (22.2 , -14.1) (21.3 , -14.5) (20.4 , -14.8) (19.4 , -15.0) (18.4 , -15.2) (17.4 , -15.3) (16.4 , -15.4) (15.4 , -15.4) (14.4 , -15.3) (13.4 , -15.2) (12.4 , -15.0) (11.5 , -14.8) (10.5 , -14.5) (9.6 , -14.1) (8.7 , -13.7) (7.8 , -13.2) (7.0 , -12.7) (6.2 , -12.1) (5.4 , -11.4) (4.7 , -10.8) (4.0 , -10.0) (3.3 , -9.3) (2.7 , -8.4) (2.2 , -7.6) (1.7 , -6.7) (1.3 , -5.8) (0.9 , -4.9) (0.6 , -3.9) (0.4 , -3.0) (0.2 , -2.0) (0.1 , -1.0) (0.0 , 0.0) 
(-10.0 , 10.0) (-10.0 , 11.0) (-9.1 , 10.5) (-10.0 , 10.0) 
(-10.0 , -10.0) (-10.0 , -9.0) (-9.6 , -8.1) (-9.0 , -7.3) (-8.1 , -6.9) (-7.1 , -6.8) (-6.1 , -7.1) (-5.3 , -7.7) (-4.8 , -8.5) (-4.6 , -9.5) (-4.8 , -10.5) (-5.3 , -11.3) (-6.1 , -11.9) (-7.1 , -12.2) (-8.1 , -12.1) (-9.0 , -11.7) (-9.6 , -10.9) (-10.0 , -10.0) 
(-20.0 , 0.0) (-20.0 , 1.0) (-19.0 , 1.0) (-19.0 , 0.0) (-20.0 , 0.0) 
(-20.0 , 20.0) (-20.0 , 21.0) (-19.1 , 21.5) (-18.3 , 21.0) (-18.3 , 20.0) (-19.1 , 19.5) (-20.0 , 20.0) 
13/04
2101
2
1000 $3.0
1001 $2.9
