10
(-100.0 , 100.0) (-100.0 , 101.0) (-99.1 , 100.5) (-100.0 , 100.0) 
(-100.0 , 0.0) (-100.0 , 1.0) (-99.0 , 1.0) (-99.0 , 0.0) (-100.0 , 0.0) 
(-100.0 , -100.0) (-100.0 , -99.0) (-99.9 , -98.0) (-99.8 , -97.0) (-99.6 , -96.0) (-99.3 , -95.1) (-99.0 , -94.1) (-98.6 , -93.2) (-98.2 , -92.3) (-97.7 , -91.4) (-97.1 , -90.6) (-96.5 , -89.8) (-95.8 , -89.1) (-95.1 , -88.4) (-94.3 , -87.8) (-93.5 , -87.2) (-92.7 , -86.6) (-91.8 , -86.1) (-90.9 , -85.7) (-90.0 , -85.4) (-89.0 , -85.1) (-88.0 , -84.8) (-87.0 , -84.7) (-86.0 , -84.6) (-85.0 , -84.5) (-84.0 , -84.6) (-83.1 , -84.7) (-82.1 , -84.8) (-81.1 , -85.1) (-80.1 , -85.4) (-79.2 , -85.7) (-78.3 , -86.1) (-77.4 , -86.6) (-76.6 , -87.2) (-75.8 , -87.8) (-75.0 , -88.4) (-74.3 , -89.1) (-73.6 , -89.8) (-73.0 , -90.6) (-72.4 , -91.4) (-71.9 , -92.3) (-71.5 , -93.2) (-71.1 , -94.1) (-70.8 , -95.1) (-70.5 , -96.0) (-70.3 , -97.0) (-70.2 , -98.0) (-70.1 , -99.0) (-70.1 , -100.0) (-70.2 , -101.0) (-70.3 , -102.0) (-70.5 , -103.0) (-70.8 , -103.9) (-71.1 , -104.9) (-71.5 , -105.8) (-71.9 , -106.7) (-72.4 , -107.6) (-73.0 , -108.4) (-73.6 , -109.2) (-74.3 , -109.9) (-75.0 , -110.6) (-75.8 , -111.2) (-76.6 , -111.8) (-77.4 , -112.4) (-78.3 , -112.9) (-79.2 , -113.3) (-80.1 , -113.6) (-81.1 , -113.9) (-82.1 , -114.2) (-83.1 , -114.3) (-84.0 , -114.4) (-85.0 , -114.5) (-86.0 , -114.4) (-87.0 , -114.3) (-88.0 , -114.2) (-89.0 , -113.9) (-90.0 , -113.6) (-90.9 , -113.3) (-91.8 , -112.9) (-92.7 , -112.4) (-93.5 , -111.8) (-94.3 , -111.2) (-95.1 , -110.6) (-95.8 , -109.9) (-96.5 , -109.2) (-97.1 , -108.4) (-97.7 , -107.6) (-98.2 , -106.7) (-98.6 , -105.8) (-99.0 , -104.9) (-99.3 , -103.9) (-99.6 , -103.0) (-99.8 , -102.0) (-99.9 , -101.0) (-100.0 , -100.0) 
(-70.0 , 0.0) (-70.0 , 1.0) (-69.9 , 2.0) (-69.7 , 3.0) (-69.5 , 3.9) (-69.1 , 4.9) (-68.7 , 5.8) (-68.2 , 6.7) (-67.7 , 7.5) (-67.0 , 8.3) (-66.3 , 9.0) (-65.6 , 9.6) (-64.8 , 10.2) (-63.9 , 10.7) (-63.0 , 11.2) (-62.1 , 11.5) (-61.1 , 11.8) (-60.1 , 12.0) (-59.1 , 12.1) (-58.1 , 12.1) (-57.1 , 12.1) (-56.2 , 11.9) (-55.2 , 11.7) (-54.2 , 11.4) (-53.3 , 11.0) (-52.4 , 10.5) (-51.6 , 9.9) (-50.8 , 9.3) (-50.1 , 8.6) (-49.4 , 7.9) (-48.8 , 7.1) (-48.3 , 6.2) (-47.8 , 5.3) (-47.4 , 4.4) (-47.2 , 3.5) (-46.9 , 2.5) (-46.8 , 1.5) (-46.8 , 0.5) (-46.8 , -0.5) (-46.9 , -1.5) (-47.2 , -2.5) (-47.4 , -3.4) (-47.8 , -4.3) (-48.3 , -5.2) (-48.8 , -6.1) (-49.4 , -6.9) (-50.1 , -7.6) (-50.8 , -8.3) (-51.6 , -8.9) (-52.4 , -9.5) (-53.3 , -10.0) (-54.2 , -10.4) (-55.2 , -10.7) (-56.2 , -10.9) (-57.1 , -11.1) (-58.1 , -11.1) (-59.1 , -11.1) (-60.1 , -11.0) (-61.1 , -10.8) (-62.1 , -10.5) (-63.0 , -10.2) (-63.9 , -9.7) (-64.8 , -9.2) (-65.6 , -8.6) (-66.3 , -8.0) (-67.0 , -7.3) (-67.7 , -6.5) (-68.2 , -5.7) (-68.7 , -4.8) (-69.1 , -3.9) (-69.5 , -2.9) (-69.7 , -2.0) (-69.9 , -1.0) (-70.0 , 0.0) 
(-20.0 , 0.0) (-20.0 , 1.0) (-19.9 , 2.0) (-19.7 , 3.0) (-19.4 , 3.9) (-19.0 , 4.8) (-18.4 , 5.7) (-17.9 , 6.5) (-17.2 , 7.2) (-16.4 , 7.9) (-15.6 , 8.5) (-14.7 , 8.9) (-13.8 , 9.3) (-12.8 , 9.6) (-11.9 , 9.8) (-10.9 , 9.9) (-9.9 , 9.9) (-8.9 , 9.7) (-7.9 , 9.5) (-7.0 , 9.2) (-6.1 , 8.7) (-5.2 , 8.2) (-4.4 , 7.6) (-3.7 , 6.9) (-3.1 , 6.1) (-2.5 , 5.3) (-2.1 , 4.4) (-1.7 , 3.5) (-1.4 , 2.5) (-1.3 , 1.5) (-1.2 , 0.5) (-1.3 , -0.5) (-1.4 , -1.5) (-1.7 , -2.5) (-2.1 , -3.4) (-2.5 , -4.3) (-3.1 , -5.1) (-3.7 , -5.9) (-4.4 , -6.6) (-5.2 , -7.2) (-6.1 , -7.7) (-7.0 , -8.2) (-7.9 , -8.5) (-8.9 , -8.7) (-9.9 , -8.9) (-10.9 , -8.9) (-11.9 , -8.8) (-12.8 , -8.6) (-13.8 , -8.3) (-14.7 , -7.9) (-15.6 , -7.5) (-16.4 , -6.9) (-17.2 , -6.2) (-17.9 , -5.5) (-18.4 , -4.7) (-19.0 , -3.8) (-19.4 , -2.9) (-19.7 , -2.0) (-19.9 , -1.0) (-20.0 , 0.0) 
(-20.0 , 50.0) (-20.0 , 51.0) (-19.7 , 52.0) (-19.1 , 52.8) (-18.4 , 53.4) (-17.4 , 53.8) (-16.4 , 53.8) (-15.5 , 53.6) (-14.6 , 53.1) (-13.9 , 52.4) (-13.5 , 51.5) (-13.3 , 50.5) (-13.5 , 49.5) (-13.9 , 48.6) (-14.6 , 47.9) (-15.5 , 47.4) (-16.4 , 47.2) (-17.4 , 47.2) (-18.4 , 47.6) (-19.1 , 48.2) (-19.7 , 49.0) (-20.0 , 50.0) 
(0.0 , 0.0) (0.0 , 1.0) (0.9 , 0.5) (0.0 , 0.0) 
(10.0 , 3.0) (10.0 , 4.0) (11.0 , 4.0) (11.0 , 3.0) (10.0 , 3.0) 
(10.0 , -6.0) (10.0 , -5.0) (11.0 , -5.0) (11.0 , -6.0) (10.0 , -6.0) 
(0.0 , 25.0) (0.0 , 26.11) (0.9 , 25.5) (0.0 , 25.0) 
07/12
2017
2
10000 $100.2
2000 $30.3
