15
15
100000 1.0
200000 2.0
300000 3.0
400000 4.0
500000 23.3
600000 1.0
700000 2.0
800000 3.0
900000 4.0
110000 5.0
120000 1.0
130000 2.0
140000 3.0
150000 4.0
160000 5.0
30
A 160000 5
A 110000 5
A 500000 5
D 110000 5
A 100000 1
A 200000 2
D 160000 5
D 500000 5
A 300000 3
A 400000 4
A 600000 1
A 700000 2
D 700000 2
D 200000 2
D 400000 4
A 800000 3
A 900000 4
A 120000 1
D 300000 3
D 900000 4
A 110000 1
A 140000 4
D 140000 4
D 600000 1
D 120000 1
D 800000 3
D 110000 1
A 400000 4
A 500000 7
A 140000 3

