20
20
100000 10.1
200000 10.2
300000 10.3
400000 10.4
500000 10.5
600000 10.6
700000 10.7
800000 10.8
900000 10.9
110000 10.11
120000 10.12
130000 10.13
140000 10.14
150000 10.15
160000 10.16
170000 10.17
180000 10.18
190000 10.19
210000 10.21
220000 10.22
74
A 100000 1
A 200000 1
A 300000 1
A 400000 1
A 500000 1
A 600000 1
A 700000 1
A 800000 1
A 900000 1
A 110000 1
A 120000 1
A 130000 1
A 140000 1
A 150000 1
A 160000 1
A 170000 1
A 180000 1
A 190000 1
A 210000 1
A 220000 1
D 100000 1
D 200000 1
D 300000 1
D 400000 1
D 500000 1
D 600000 1
D 700000 1
D 800000 1
D 900000 1
D 110000 1
D 120000 1
D 130000 1
D 140000 1
D 150000 1
D 160000 1
D 170000 1
D 180000 1
D 190000 1
D 210000 1
D 220000 1
A 100000 1
A 100000 1
A 100000 1
A 100000 1
A 100000 1
A 100000 1
A 100000 1
A 100000 1
A 100000 1
A 100000 1
A 100000 1
A 100000 1
A 100000 1
A 100000 1
A 200000 1
A 200000 1
A 200000 1
A 200000 1
A 200000 1
A 200000 1
D 100000 1
D 100000 1
D 100000 1
D 100000 1
D 100000 1
D 100000 1
D 100000 1
A 300000 1
A 300000 1
A 300000 1
A 300000 1
A 300000 1
A 300000 1
A 400000 1

