100
20
100000 10.0
200000 10.5
300000 30.0
400000 30.3
500000 30.5
600000 66.0
700000 98.9
800000 45.67
900000 33.33
110000 129.0
120000 120.0
130000 30.0
140000 20.0
150000 20.0
160000 19.0
170000 19.4
180000 98.6
190000 23.45
210000 34.56
220000 45.67
23
A 900000 9
A 110000 1
A 120000 2
A 190000 8
A 210000 1
A 220000 2
A 200000 2
A 300000 2
A 600000 6
A 700000 7
A 800000 8
A 180000 8
A 600000 6
A 700000 7
A 120000 2
A 130000 3
A 140000 4
A 190000 8
A 210000 1
A 220000 2
A 600000 6
A 300000 3
A 200000 2

