81
9
1 1 1 1 1 1 1 1 1
1 1 1 1 1 1 1 1 1
1 1 1 1 1 1 1 1 1
1 1 1 1 1 1 1 1 1
1 1 1 1 1 1 1 1 1
1 1 1 1 1 1 1 1 1
1 1 1 1 1 1 1 1 1
1 1 1 1 1 1 1 1 1
1 1 1 1 1 1 1 1 1
205 138
3218 0 1 182 1 255 203 0 1 215 1 214 1 218 1 207 202 0 1 210 1 217 
1 228 1 216 1 214 1 223 200 0 1 127 1 212 1 227 1 236 1 213 1 215 
1 203 162 0 1 214 1 213 1 212 1 210 2 211 1 216 31 0 1 208 1 214 1 235 1 228 1 214 1 213 1 204 158 0 1 198 1 213 1 229 1 227 3 225 1 227 1 216 1 218 1 207 30 0 1 200 1 213 1 228 1 218 1 229 1 215 1 212 156 0 
1 218 1 209 1 230 1 212 5 211 1 213 1 228 1 216 1 207 30 0 1 204 1 211 1 229 1 212 1 221 1 226 1 215 1 207 154 0 1 209 1 231 8 211 1 210 1 221 1 216 1 206 30 0 1 255 1 212 1 228 1 211 1 212 1 227 1 215 1 211 152 0 1 208 1 215 1 216 9 211 1 210 1 220 1 219 1 209 31 0 1 212 1 228 1 211 1 210 1 218 1 224 1 213 1 196 150 0 1 211 1 227 2 210 5 211 1 210 3 211 1 210 1 223 1 211 
1 212 30 0 1 255 1 211 1 225 2 210 1 212 1 231 1 214 1 195 148 0 1 206 1 209 1 217 1 211 1 210 3 211 1 210 2 211 1 210 3 211 1 210 1 228 1 209 31 0 1 210 1 213 1 222 
1 210 1 211 1 210 1 228 1 214 1 201 147 0 1 208 1 224 4 211 1 210 9 211 1 213 1 223 1 209 12 0 1 204 1 209 1 219 1 127 15 0 1 204 1 215 1 216 1 210 1 211 1 210 1 225 
1 215 1 205 146 0 1 208 1 226 
14 211 1 210 1 220 1 212 1 196 11 0 1 255 
1 211 1 217 1 218 1 213 1 196 14 0 1 210 1 227 3 211 1 210 1 226 1 214 1 205 144 0 1 212 1 213 1 217 16 211 1 228 1 209 13 0 1 205 1 215 1 241 1 216 
1 213 1 212 12 0 1 255 1 209 1 226 1 210 2 211 1 210 1 228 1 213 1 226 143 0 1 209 1 227 1 210 16 211 2 215 1 210 14 0 1 212 1 222 1 238 1 213 1 216 1 195 11 0 1 210 1 215 1 218 3 211 1 210 1 226 1 210 142 0 1 211 1 221 1 213 17 211 1 210 1 227 1 209 15 0 1 206 1 214 1 234 1 229 1 215 1 210 11 0 1 207 1 225 4 211 1 212 1 228 1 209 140 0 1 211 1 226 1 214 1 210 1 211 1 210 4 211 1 210 11 211 1 213 1 217 1 210 
15 0 1 204 1 215 1 222 1 221 1 222 1 213 1 195 9 0 1 255 1 210 1 222 1 210 2 211 1 210 1 215 1 219 1 208 138 0 1 210 
1 227 1 214 1 210 19 211 1 210 1 227 1 210 16 0 1 203 1 214 1 223 1 212 1 227 1 217 1 208 9 0 1 209 1 224 4 211 1 210 1 223 1 213 1 207 135 0 1 191 1 213 1 228 1 213 1 210 15 211 1 210 3 211 2 210 1 215 1 213 1 206 16 0 1 211 1 216 1 220 1 210 1 224 1 217 1 206 8 0 1 255 1 209 1 223 1 210 3 211 1 210 
1 230 1 209 134 0 1 204 1 216 1 226 1 212 1 211 1 212 7 211 1 210 
11 211 1 210 1 211 1 210 1 228 1 210 17 0 1 205 1 220 1 214 1 210 1 221 1 217 1 206 8 0 1 209 1 221 1 212 4 211 1 215 1 214 1 211 132 0 1 206 1 215 1 227 1 211 1 210 1 215 1 216 1 210 11 211 1 210 
3 211 1 210 5 211 1 217 1 212 1 215 1 211 1 214 1 217 14 0 1 208 
1 230 2 210 1 220 1 217 1 207 8 0 1 209 1 224 4 211 1 210 1 227 1 208 131 0 1 210 1 218 1 222 2 210 1 217 1 213 1 211 1 212 1 214 19 211 1 210 1 211 1 227 1 208 1 198 1 212 1 218 1 220 1 213 1 153 11 0 1 221 1 213 1 221 2 210 2 219 1 206 7 0 1 210 1 224 1 212 4 211 1 214 1 218 1 211 129 0 1 214 1 217 
1 219 2 210 1 220 1 218 1 210 1 206 1 223 5 211 1 210 2 211 1 210 9 211 1 210 3 211 
1 223 1 209 2 0 1 206 1 216 1 239 1 217 1 213 11 0 1 207 1 218 1 213 2 210 1 221 1 217 1 202 6 0 1 212 1 209 1 218 2 210 2 211 1 210 1 227 1 210 127 0 1 199 1 216 1 230 1 214 2 210 1 222 1 218 1 209 
1 0 1 209 1 226 1 211 1 210 16 211 1 210 3 211 1 213 1 215 1 212 3 0 1 210 1 240 1 224 1 214 1 206 10 0 1 208 1 226 1 210 1 211 1 210 1 225 1 213 1 212 6 0 
1 211 1 227 1 210 4 211 2 214 1 212 125 0 1 209 1 216 1 229 1 211 2 210 1 227 1 213 1 204 2 0 1 210 1 225 3 211 1 210 2 211 2 210 5 211 1 210 6 211 1 210 2 211 1 226 1 210 4 0 1 211 1 226 1 227 
2 216 1 204 8 0 1 210 1 218 1 214 1 210 1 211 1 210 1 231 1 207 6 0 1 208 1 214 1 213 4 211 1 210 1 227 1 210 124 0 1 211 1 216 1 221 2 210 1 212 1 231 1 214 1 212 3 0 1 210 1 225 23 211 1 218 1 210 1 218 4 0 1 212 1 227 1 215 1 230 1 214 1 203 8 0 1 208 1 224 3 211 1 214 1 217 1 209 6 0 1 209 1 224 5 211 1 218 1 211 
1 212 121 0 1 202 1 214 1 228 1 215 2 210 1 217 1 225 1 214 1 198 4 0 1 210 1 225 24 211 1 223 1 209 4 0 1 215 1 213 1 226 1 210 1 227 1 216 1 204 7 0 1 208 1 211 1 216 2 211 1 210 1 223 1 211 1 191 5 0 1 211 1 226 6 211 1 227 1 210 120 0 1 213 1 216 1 226 1 211 
1 210 1 211 1 224 1 215 1 211 6 0 1 210 1 225 24 211 1 227 1 211 5 0 1 209 1 216 1 219 1 210 1 226 1 215 1 208 7 0 1 208 1 226 
4 211 1 225 1 208 5 0 1 214 1 211 1 214 5 211 1 224 1 210 118 0 1 205 1 215 1 225 1 217 2 210 1 215 1 229 1 216 1 205 7 0 1 210 1 225 1 210 5 211 1 210 17 211 1 219 1 210 1 204 5 0 1 207 1 225 1 212 1 210 1 226 1 212 1 210 6 0 1 215 1 214 1 213 3 211 1 221 
1 210 1 198 5 0 1 209 1 223 5 211 1 215 2 209 116 0 1 213 1 216 1 228 1 212 1 210 1 211 1 225 1 216 1 214 1 185 8 0 1 210 1 225 13 211 1 210 10 211 1 212 1 220 1 213 
6 0 1 209 1 226 2 210 1 227 1 212 7 0 1 209 1 224 4 211 1 227 1 210 5 0 1 211 1 228 6 211 1 223 1 209 114 0 1 203 1 214 2 220 2 210 1 218 1 227 1 214 1 206 10 0 1 210 1 225 8 211 1 210 9 211 1 210 4 211 2 210 1 227 1 212 6 0 1 199 1 212 1 217 1 210 1 212 1 228 1 210 6 0 1 212 1 225 4 211 1 222 1 208 1 255 4 0 1 206 2 214 
1 211 1 210 3 211 1 226 1 211 113 0 
1 212 1 216 1 227 1 213 1 210 1 213 1 226 1 216 1 212 1 127 11 0 1 210 1 225 1 211 1 210 1 212 1 211 5 210 2 211 2 210 1 211 2 210 1 211 3 210 2 211 2 210 1 211 1 220 1 209 1 212 6 0 1 210 1 226 1 211 
1 210 2 216 1 210 5 0 2 210 1 216 2 210 2 211 1 222 1 213 4 0 1 218 1 210 1 218 2 210 1 211 2 210 
1 218 1 210 1 204 110 0 1 210 1 214 1 225 1 219 1 210 1 211 1 223 
1 219 1 213 1 201 13 0 1 210 1 225 2 210 1 213 1 219 1 210 5 211 2 210 
1 211 1 210 2 211 1 210 1 211 2 210 1 211 1 210 1 211 2 210 2 213 1 210 6 0 2 212 1 215 1 211 1 210 1 227 1 208 6 0 1 210 1 225 4 210 1 226 1 210 5 0 1 212 1 224 1 210 1 211 1 210 2 211 1 212 1 215 1 209 108 0 1 191 1 214 1 215 1 225 1 212 1 210 1 219 1 224 1 214 1 210 15 0 1 210 1 225 1 212 1 214 1 210 1 209 1 227 2 210 5 211 2 210 1 211 1 210 2 211 1 210 2 211 1 210 4 211 1 225 1 210 7 0 1 209 1 225 1 210 1 211 1 212 1 221 1 212 5 0 
1 210 1 222 2 211 1 210 1 211 1 217 1 209 1 210 4 0 1 210 1 225 2 211 1 210 1 211 1 210 1 212 1 221 1 210 106 0 1 204 1 212 1 215 1 226 1 215 1 210 1 215 1 229 1 216 1 212 17 0 1 210 1 225 1 212 1 220 1 211 1 212 1 213 1 227 1 210 8 211 1 210 10 211 1 223 1 210 7 0 1 211 1 215 1 213 1 211 1 210 1 224 1 210 5 0 1 210 1 211 1 216 1 210 2 211 1 212 1 219 1 209 4 0 1 210 1 215 1 213 5 211 1 225 1 211 105 0 1 213 1 214 1 224 1 220 1 210 1 213 1 225 1 215 1 216 1 210 18 0 1 212 1 224 1 211 1 226 1 210 1 0 1 200 1 213 1 226 2 210 5 211 3 210 6 211 2 210 1 211 1 216 
1 210 1 206 6 0 1 255 1 209 1 222 2 210 1 213 1 216 1 210 5 0 1 211 1 223 3 211 1 210 1 227 1 210 4 0 1 221 1 209 1 217 4 211 1 210 1 227 1 210 103 0 1 213 1 214 1 220 1 222 
1 211 1 210 1 222 1 220 1 214 1 210 20 0 1 209 1 226 1 211 1 226 
1 211 2 0 1 203 1 216 1 219 2 210 3 211 1 210 2 211 2 210 1 211 1 210 3 211 1 210 3 211 1 221 1 211 7 0 1 210 1 225 2 211 1 210 1 228 1 210 5 0 1 211 1 227 4 211 1 225 1 209 5 0 1 211 
1 223 3 210 1 211 1 210 1 227 1 211 101 0 2 213 1 223 1 224 1 212 1 210 1 216 1 229 1 216 1 211 22 0 1 211 1 215 1 213 1 221 1 210 3 0 1 205 
1 225 1 212 1 210 6 211 1 210 2 211 1 210 6 211 1 210 1 227 1 211 7 0 2 210 1 216 1 211 1 210 1 219 1 210 1 198 4 0 1 208 1 217 1 212 1 210 2 211 1 220 1 211 5 0 1 211 1 227 1 210 1 211 1 210 1 211 
1 210 1 227 1 211 98 0 1 198 1 214 1 212 1 217 1 224 1 212 1 210 1 212 1 226 2 214 1 196 23 0 1 213 1 210 1 214 1 219 1 210 1 204 3 0 1 209 1 226 1 210 6 211 1 210 10 211 1 224 1 211 8 0 1 210 1 223 1 211 1 210 1 213 
1 215 1 207 4 0 1 210 1 208 1 216 2 210 1 211 1 218 1 211 1 207 4 0 1 210 1 222 5 211 1 227 1 211 96 0 2 216 1 213 2 224 1 213 2 210 1 219 1 225 1 216 1 205 25 0 1 214 1 210 1 216 1 214 1 209 1 207 3 0 1 210 1 215 1 214 5 211 1 210 2 211 1 210 4 211 2 210 2 211 1 217 1 209 1 201 7 0 1 210 1 226 1 211 2 210 1 227 1 210 5 0 1 209 1 222 2 210 1 211 1 213 1 212 1 211 4 0 1 208 1 220 1 212 2 211 1 210 1 211 1 227 1 211 94 0 1 214 1 213 1 214 
1 227 1 220 2 211 1 210 1 211 1 227 1 217 1 215 28 0 1 211 1 221 1 213 1 216 1 213 4 0 1 209 1 225 1 210 7 211 1 210 5 211 1 210 2 211 1 213 1 215 1 212 7 0 1 212 1 215 1 213 2 211 1 226 1 209 5 0 1 211 1 226 3 211 1 213 1 210 1 209 4 0 1 212 1 216 1 213 4 211 1 227 1 211 91 0 1 211 1 213 1 214 1 216 1 226 1 216 1 211 1 210 1 211 1 210 1 214 
1 228 1 216 1 206 29 0 1 211 1 225 1 211 1 227 1 211 4 0 1 213 2 214 3 211 1 210 4 211 1 210 4 211 2 210 2 211 1 225 1 210 7 0 1 218 1 208 1 220 2 211 1 220 1 210 5 0 1 212 1 223 3 211 1 213 1 210 1 209 
4 0 1 212 1 210 1 217 1 211 2 210 1 211 1 227 1 211 88 0 1 223 1 211 1 214 1 213 1 225 1 222 1 213 1 210 3 211 1 210 1 217 1 221 1 215 1 127 30 0 1 211 1 226 1 211 
1 225 1 211 5 0 1 209 1 224 1 210 1 211 1 210 3 211 1 210 2 211 2 210 5 211 1 210 1 226 1 210 8 0 1 211 1 225 1 210 1 211 1 215 1 210 1 208 4 0 1 208 1 221 2 211 1 210 1 214 1 209 1 210 4 0 1 201 
1 211 1 217 4 211 1 227 1 211 86 0 2 213 1 215 1 220 1 226 1 215 2 211 1 210 3 211 1 210 1 216 1 219 1 209 32 0 1 208 1 221 1 211 1 226 1 210 5 0 1 211 1 224 2 211 1 210 1 211 1 210 1 211 1 210 6 211 1 210 3 211 1 223 1 210 1 255 7 0 1 208 1 225 1 211 1 210 1 213 1 212 1 206 4 0 1 215 1 212 1 216 2 210 1 212 1 218 1 208 4 0 1 204 1 210 1 216 2 211 1 210 
1 211 1 227 1 211 83 0 1 200 1 211 1 213 1 212 
1 226 1 220 1 212 1 210 1 211 1 210 1 211 1 210 1 211 2 210 1 216 1 214 1 209 33 0 1 211 1 216 1 212 1 221 1 211 1 170 4 0 1 212 1 210 1 217 
4 211 1 210 8 211 3 210 1 219 1 209 1 127 7 0 1 212 2 213 1 211 
2 213 1 210 4 0 1 204 1 210 1 217 1 210 1 211 1 210 1 228 1 211 4 0 1 204 1 211 1 222 3 211 1 210 1 227 1 211 81 0 1 208 1 214 1 213 1 222 1 225 1 215 3 210 2 211 
2 210 1 211 2 210 1 212 1 223 1 210 34 0 1 218 1 209 1 217 1 215 2 211 5 0 1 209 1 225 1 210 2 211 2 210 
3 211 1 210 1 211 4 210 1 211 1 210 1 215 1 212 1 210 7 0 1 215 1 210 1 214 1 210 1 211 1 225 1 211 4 0 1 204 1 209 1 219 3 211 1 226 1 211 5 0 1 210 1 225 2 211 2 210 1 227 1 211 79 0 2 215 1 214 1 228 1 219 1 211 1 210 6 211 1 210 3 211 1 210 
1 225 1 210 35 0 1 255 1 210 1 223 1 212 1 217 1 209 5 0 1 211 1 223 5 211 2 210 3 211 
2 210 2 211 1 210 1 211 1 212 1 216 1 208 7 0 1 204 1 210 1 219 2 211 1 226 1 212 5 0 1 210 1 225 
2 211 1 210 1 228 1 210 5 0 1 210 1 225 4 211 1 227 1 211 77 0 1 198 1 211 1 216 1 227 1 215 1 210 9 211 3 210 1 211 1 214 1 216 1 209 36 0 1 210 1 227 1 211 1 224 1 210 5 0 1 212 1 210 1 215 3 211 1 210 9 211 1 210 
2 211 1 223 1 209 7 0 1 170 1 211 1 219 2 211 1 226 1 211 5 0 1 210 1 224 3 211 1 223 1 212 
5 0 1 210 1 224 1 211 1 210 2 211 1 227 1 211 76 0 1 203 
1 216 1 227 1 214 1 210 1 211 1 210 2 211 1 210 3 211 1 210 4 211 1 210 1 211 1 221 1 209 37 0 1 212 1 221 
1 212 1 226 1 211 5 0 1 255 1 210 1 221 3 211 1 210 3 211 1 210 8 211 1 227 1 211 7 0 1 191 1 210 1 220 2 211 1 226 1 209 5 0 1 209 1 224 2 211 1 214 1 210 1 207 5 0 
1 211 1 225 4 211 1 227 1 211 73 0 1 213 1 215 1 204 1 217 1 224 1 210 1 211 3 210 1 211 1 210 3 211 1 210 7 211 1 225 1 209 37 0 2 210 1 216 1 222 1 210 1 170 5 0 1 210 1 225 1 210 2 211 1 210 10 211 1 210 1 211 1 224 1 211 7 0 1 191 1 211 1 219 1 210 1 211 1 226 1 212 5 0 1 208 1 225 2 211 1 213 1 210 1 209 5 0 1 210 1 224 1 210 2 211 
1 210 1 227 1 211 70 0 1 200 1 213 1 221 1 212 1 207 1 216 1 222 1 210 1 211 2 210 1 211 1 210 1 208 1 228 1 217 1 209 
1 210 4 211 1 210 3 211 1 222 1 210 38 0 1 211 1 221 1 216 1 209 1 214 5 0 1 210 
1 226 2 211 1 210 1 211 1 210 5 211 1 210 3 211 1 210 1 211 1 223 1 210 7 0 1 191 1 210 1 219 1 211 
1 213 1 214 1 207 5 0 1 210 1 226 2 211 1 213 1 212 1 211 5 0 1 210 1 224 1 210 1 211 1 210 1 211 1 228 1 210 68 0 1 208 1 212 1 214 1 232 1 222 1 208 1 211 1 226 1 210 5 211 1 210 1 214 1 250 1 222 1 208 1 210 8 211 1 222 1 209 38 0 1 211 1 226 1 213 1 216 1 211 5 0 1 211 1 219 1 212 1 210 1 211 1 210 
5 211 4 210 3 211 1 222 1 210 1 204 6 0 1 191 1 210 1 219 1 211 1 213 1 212 1 210 5 0 1 210 1 226 2 211 1 215 1 210 1 211 5 0 1 211 1 224 1 211 1 210 2 211 1 223 1 208 66 0 1 196 
1 216 1 215 1 226 1 220 1 225 1 208 1 210 1 228 1 211 1 210 5 211 1 208 1 222 1 255 1 223 1 208 1 211 1 210 1 207 1 208 1 210 1 211 1 210 2 211 1 222 
1 210 38 0 1 211 1 224 1 211 1 226 1 211 5 0 1 211 1 218 1 212 1 210 1 211 1 210 5 211 
1 210 2 211 1 210 1 211 1 210 1 211 1 216 1 210 1 214 6 0 1 191 1 210 1 219 1 211 1 214 1 210 1 214 5 0 1 210 1 226 
2 211 1 219 1 211 1 255 5 0 1 211 1 224 1 211 1 210 1 211 1 212 1 220 1 208 65 0 1 212 1 215 1 229 1 219 1 211 1 212 1 213 
2 209 1 218 2 210 5 211 1 207 1 228 1 255 1 221 1 208 1 210 1 212 1 230 1 228 1 212 1 210 3 211 1 222 1 210 7 0 2 255 1 0 1 255 6 0 3 255 3 0 1 255 14 0 1 203 1 211 1 216 1 226 1 211 5 0 1 213 1 219 1 212 4 211 2 210 1 211 2 210 3 211 1 210 
1 211 1 210 1 216 1 211 1 212 6 0 1 191 1 210 1 220 1 211 1 220 1 211 6 0 1 212 1 226 2 211 1 221 1 211 1 255 
5 0 1 210 1 224 3 211 1 213 1 215 1 212 63 0 1 202 1 218 1 222 1 221 1 214 2 211 1 220 1 210 1 212 1 224 2 210 6 211 1 208 1 239 1 255 1 221 1 208 1 207 1 225 2 255 1 234 1 207 1 211 1 210 1 211 1 222 1 212 7 0 1 255 1 0 
3 255 1 0 1 255 1 0 1 255 1 0 1 255 1 0 2 255 2 0 2 255 14 0 
1 210 1 224 1 220 1 209 1 127 4 0 1 214 1 212 1 216 1 211 4 210 6 211 1 210 3 211 1 216 1 211 1 210 
6 0 1 191 1 210 1 219 1 210 1 222 1 210 6 0 1 210 1 225 1 211 1 210 1 226 1 210 6 0 
1 211 1 224 1 210 1 211 1 210 1 217 1 209 1 200 62 0 1 211 1 217 1 229 2 212 2 210 1 211 1 225 1 210 1 211 1 225 1 210 6 211 1 210 
1 212 1 248 1 254 1 220 2 208 1 237 2 255 1 228 1 207 1 210 2 211 1 222 1 209 1 0 2 255 11 0 
1 255 1 0 2 255 1 0 2 255 2 0 2 255 14 0 1 210 1 224 1 215 1 210 1 205 
4 0 1 212 1 209 1 218 1 211 2 210 7 211 1 210 2 211 1 210 1 211 1 216 1 210 1 207 6 0 1 191 1 210 1 219 1 211 1 226 1 210 6 0 1 210 1 224 2 211 1 225 1 209 6 0 1 210 1 224 1 210 2 211 
1 224 1 210 62 0 1 205 1 212 1 228 1 213 2 211 2 210 1 212 1 224 2 211 1 222 3 211 1 210 1 209 1 208 1 207 1 205 1 217 1 254 1 250 1 211 1 205 
1 208 1 246 1 255 1 249 1 212 1 208 1 210 2 211 1 226 1 211 6 0 1 255 3 0 1 255 1 0 2 255 2 0 2 255 1 0 
2 255 2 0 1 255 15 0 1 216 1 211 1 214 1 224 1 212 4 0 1 196 
1 210 1 218 6 211 1 210 3 211 1 210 2 211 2 210 1 212 1 218 1 211 6 0 1 191 1 210 1 219 1 211 
1 222 1 211 6 0 1 210 1 224 1 211 1 212 1 219 1 210 6 0 1 211 1 224 3 211 1 227 1 210 61 0 1 255 1 210 
1 231 2 210 1 216 1 210 1 208 1 210 2 218 1 211 1 210 1 221 1 210 1 211 1 212 1 215 1 219 1 229 1 234 1 235 1 242 1 254 1 250 1 234 1 231 1 232 1 251 1 254 1 244 1 217 
1 214 1 211 1 210 1 211 1 225 1 210 6 0 1 255 3 0 1 255 1 0 2 255 1 0 3 255 1 0 2 255 2 0 1 255 
15 0 1 170 1 210 1 221 1 226 1 210 4 0 1 208 1 211 1 217 3 211 
2 210 7 211 3 210 1 212 1 222 1 209 6 0 1 255 1 210 1 219 1 215 2 211 6 0 1 210 1 224 1 211 1 217 1 209 1 204 6 0 1 211 1 224 2 211 1 212 1 219 1 208 61 0 1 211 1 223 1 218 1 210 1 211 1 228 1 210 
1 208 1 210 1 221 1 210 1 211 1 209 1 215 1 211 1 210 1 216 1 229 1 239 1 248 1 252 2 254 1 252 1 253 3 255 1 253 1 252 1 255 1 254 1 251 1 249 1 221 1 209 1 220 
1 210 1 212 3 0 1 255 1 0 1 255 5 0 1 255 2 0 3 255 1 0 2 255 19 0 1 210 1 229 1 218 1 209 1 208 3 0 1 211 1 217 1 212 3 211 1 210 1 211 3 210 
2 211 1 210 1 211 1 210 2 211 1 212 1 221 1 211 6 0 1 214 1 211 1 214 1 222 1 209 1 255 5 0 1 223 1 211 1 220 
1 211 1 224 1 211 7 0 1 210 1 225 2 211 1 217 1 209 1 201 61 0 1 210 1 232 1 209 1 216 1 211 1 228 1 210 1 208 1 211 1 221 1 210 1 207 
1 210 1 214 1 210 1 211 1 210 2 209 1 211 1 212 1 218 1 250 1 255 1 235 1 215 1 217 1 238 1 254 1 251 1 240 1 245 1 249 1 242 1 215 1 209 2 213 1 209 3 0 
2 255 5 0 2 255 4 0 3 255 20 0 1 209 1 217 1 215 1 218 1 211 3 0 1 213 1 219 1 212 2 211 2 210 1 211 1 210 8 211 1 210 1 211 1 221 1 211 6 0 1 208 1 211 1 213 1 227 1 210 6 0 1 204 1 210 1 217 1 211 1 226 1 211 6 0 1 223 1 210 1 220 1 211 1 210 1 224 1 209 62 0 1 210 1 227 1 211 1 208 1 210 1 228 2 210 1 211 1 221 1 210 1 211 1 208 1 213 4 208 2 207 1 203 1 219 2 254 1 218 1 204 1 205 1 239 1 255 1 241 1 207 1 210 1 212 1 209 1 210 2 211 1 225 1 210 16 0 3 255 21 0 1 208 1 223 1 226 1 210 3 0 1 213 1 217 1 212 6 211 1 210 9 211 1 221 1 211 
6 0 1 211 1 217 1 215 1 214 1 213 6 0 1 213 1 216 1 213 1 215 1 211 1 208 6 0 1 201 
1 211 1 216 2 211 1 224 1 210 61 0 1 208 1 210 1 227 1 210 1 212 1 210 1 228 2 210 1 211 1 221 1 210 1 211 1 214 1 225 1 227 1 231 1 235 1 236 1 235 1 232 1 229 1 240 
1 254 1 250 1 223 1 215 1 220 1 251 1 255 1 226 1 204 1 207 1 209 2 210 1 211 1 210 1 219 1 210 1 196 1 0 1 255 37 0 1 211 1 225 1 220 
1 210 1 127 2 0 1 212 1 221 1 212 1 210 1 211 2 210 3 211 1 210 2 211 2 210 4 211 1 221 1 211 6 0 1 210 1 227 1 223 1 209 7 0 1 208 1 222 1 211 1 222 1 210 1 255 6 0 1 214 1 211 1 216 1 210 1 215 1 210 
1 213 61 0 1 209 1 210 1 227 1 209 1 255 1 210 1 228 1 211 1 214 1 211 1 221 1 210 1 211 1 214 1 222 1 224 1 234 1 241 1 245 1 250 1 253 1 255 1 254 1 252 1 254 1 255 1 253 1 252 
2 253 1 244 1 237 1 229 1 212 1 210 1 211 3 210 1 227 1 208 10 0 1 255 6 0 
2 255 20 0 2 211 1 217 1 214 1 210 2 0 1 210 
1 228 2 210 2 211 1 210 3 211 1 210 2 211 2 210 4 211 1 221 1 211 6 0 1 211 1 226 1 227 1 210 
7 0 1 211 1 225 1 211 1 226 1 211 7 0 1 213 1 217 1 212 1 210 1 222 1 210 1 170 61 0 1 217 1 210 1 221 
3 210 1 228 1 210 1 226 1 210 1 225 1 210 1 207 1 210 1 220 1 208 1 207 1 208 1 209 1 212 1 213 1 225 1 253 1 254 1 247 1 243 1 248 2 253 1 254 3 255 
1 218 1 209 4 211 1 218 1 215 1 207 3 0 1 255 1 0 1 255 3 0 1 255 1 0 1 255 2 0 5 255 20 0 1 210 1 225 1 227 1 212 2 0 1 210 1 223 1 211 3 210 
2 211 2 210 2 211 2 210 1 211 1 210 3 211 1 223 1 210 5 0 1 212 1 210 1 229 1 210 1 221 7 0 1 210 1 224 1 216 1 210 1 212 7 0 1 210 1 223 2 211 1 226 1 211 62 0 1 217 1 210 1 221 1 209 1 212 1 211 1 227 1 210 
1 255 1 211 1 226 1 220 1 208 1 211 1 222 2 210 1 211 2 210 1 206 1 230 1 255 1 254 1 222 1 205 1 218 1 252 1 253 1 227 1 224 1 230 1 223 3 210 3 211 1 210 1 226 1 211 1 255 2 0 2 255 6 0 1 255 1 0 3 255 2 0 1 255 1 0 2 255 17 0 1 208 1 222 1 221 1 210 1 170 1 191 1 211 1 220 6 211 2 210 8 211 1 213 1 216 1 212 5 0 2 211 1 231 1 209 7 0 1 204 1 209 1 219 1 226 
1 211 8 0 1 211 1 227 1 210 1 217 1 211 1 204 62 0 1 211 1 210 1 218 1 213 1 205 1 210 1 227 1 213 1 204 1 210 1 227 1 224 2 210 1 224 4 211 1 210 1 207 1 238 1 255 1 249 1 212 1 206 1 228 1 255 1 241 3 207 1 208 8 211 1 229 1 212 
8 0 1 255 1 0 1 255 3 0 4 255 1 0 2 255 17 0 1 226 1 209 1 222 1 218 1 208 2 210 1 214 5 211 3 210 8 211 1 216 1 209 1 216 5 0 1 209 1 233 1 211 1 191 7 0 1 207 1 212 1 217 1 214 1 211 8 0 1 210 1 223 1 210 1 226 1 208 63 0 1 212 1 209 1 217 1 226 1 209 1 211 1 226 1 224 1 210 1 208 1 223 1 226 1 208 1 212 1 227 2 211 1 210 
2 211 1 208 1 221 1 248 1 230 1 207 1 209 1 242 1 255 1 223 1 207 1 210 1 211 2 210 1 211 1 210 1 211 1 210 3 211 1 213 1 222 1 214 1 198 6 0 1 255 6 0 2 255 3 0 1 255 18 0 1 212 1 224 1 227 1 210 1 209 1 220 1 212 2 210 2 211 2 210 2 211 2 210 1 211 1 210 2 211 2 210 1 215 1 210 1 215 
5 0 1 208 1 240 1 211 8 0 1 210 1 225 1 227 1 209 8 0 1 207 1 208 
1 217 1 212 1 218 1 209 64 0 1 210 1 223 1 222 1 209 1 203 1 212 1 228 1 209 1 214 1 209 1 225 1 209 1 211 1 219 2 211 1 210 1 211 1 210 1 211 1 208 1 211 
1 210 1 208 1 218 1 255 1 242 2 210 2 211 1 210 1 211 1 210 6 211 1 210 1 212 1 229 1 216 1 213 12 0 1 255 3 0 2 255 18 0 1 204 
1 210 1 224 1 210 1 211 1 219 1 211 1 210 2 211 2 210 6 211 1 210 3 211 1 210 1 219 1 210 1 208 4 0 1 218 
1 217 1 209 1 170 8 0 1 211 1 229 1 215 1 211 8 0 1 212 1 219 1 211 1 222 1 209 1 255 64 0 1 212 1 227 1 211 1 222 1 211 1 210 1 228 1 212 1 208 1 209 1 224 2 212 1 210 1 214 5 211 3 210 1 207 1 234 1 254 1 218 
1 208 5 211 1 210 6 211 1 210 1 211 1 210 1 221 1 219 1 211 1 215 1 210 1 208 2 212 1 204 1 212 1 218 28 0 1 209 1 226 1 213 1 215 2 210 16 211 1 224 1 211 5 0 1 210 1 238 1 207 8 0 1 210 1 209 1 234 1 210 9 0 1 211 1 226 1 211 1 227 1 209 65 0 1 205 1 212 
1 216 1 221 2 210 1 222 1 227 1 210 1 212 1 228 1 226 1 209 1 210 1 223 5 211 1 210 1 211 1 210 1 212 1 248 1 226 2 210 15 211 1 210 1 212 1 222 1 227 1 221 1 210 1 212 3 211 1 212 3 210 2 211 1 212 1 209 1 212 
1 209 1 213 1 204 1 255 16 0 1 218 1 211 1 218 19 211 1 223 1 209 5 0 2 210 9 0 
1 209 1 226 1 214 1 216 9 0 1 210 1 224 1 220 1 210 1 204 66 0 1 209 1 232 1 212 1 211 1 210 1 211 
1 221 1 210 1 215 1 213 1 220 1 209 1 211 1 219 5 211 1 210 1 211 1 208 1 227 1 237 2 211 1 210 6 211 1 210 8 211 2 210 2 211 1 212 1 214 1 213 1 215 1 220 2 219 1 222 3 226 3 225 1 226 1 210 1 211 1 210 2 211 
1 213 2 212 1 210 1 208 11 0 1 208 1 228 2 210 6 211 1 210 10 211 1 226 1 210 4 0 1 213 1 210 1 208 9 0 1 209 1 239 1 209 9 0 1 208 1 211 1 217 1 225 1 209 67 0 1 212 1 211 1 232 1 218 1 215 1 210 1 211 1 221 1 210 1 209 2 220 1 210 1 209 1 216 5 211 1 210 1 209 1 226 1 216 2 210 7 211 1 210 5 211 1 210 2 211 1 210 1 214 9 221 1 215 2 214 1 212 4 211 1 213 1 214 1 215 2 221 1 226 1 225 1 222 1 211 1 212 
1 211 1 210 1 213 1 209 7 0 1 207 1 213 1 217 5 211 1 210 7 211 1 210 2 211 
1 210 1 211 1 226 1 209 4 0 1 209 1 210 9 0 1 201 1 215 1 212 1 204 9 0 1 213 1 221 1 223 1 210 1 255 68 0 1 255 1 212 1 215 1 229 1 219 1 212 1 211 1 218 1 212 1 210 1 213 2 210 1 213 1 211 
1 210 6 211 1 209 4 211 1 210 10 211 1 210 1 211 1 210 1 216 2 210 1 211 
7 210 1 211 2 210 1 217 1 225 1 224 1 225 1 226 1 220 1 219 1 215 1 212 4 211 1 214 1 218 1 225 1 226 1 220 1 211 1 212 
1 209 1 210 1 212 4 0 1 208 1 228 1 210 4 211 1 210 3 211 1 210 7 211 1 212 1 218 1 211 4 0 1 212 10 0 1 212 1 235 1 207 10 0 1 210 1 227 1 224 
1 210 71 0 1 205 1 216 1 213 1 219 1 227 1 225 1 220 2 217 2 215 1 211 1 216 1 215 2 210 2 211 
4 210 3 211 1 210 5 211 1 210 4 211 1 210 1 211 1 215 1 213 1 209 9 0 1 208 1 210 1 206 1 211 2 212 2 211 1 210 1 211 1 210 1 217 1 225 1 227 1 225 1 221 1 216 1 213 1 212 2 211 1 216 1 224 1 226 1 217 1 211 1 212 2 210 1 0 1 204 1 212 1 218 4 211 1 210 1 211 1 210 1 211 2 210 2 211 1 210 2 211 1 210 1 216 1 211 1 206 14 0 1 127 1 210 1 208 10 0 1 212 1 208 1 234 1 208 1 255 73 0 1 198 1 209 1 213 2 210 2 211 1 215 1 219 1 221 1 211 1 210 1 226 1 223 1 220 2 215 1 216 1 212 2 210 
1 211 2 210 1 211 2 210 1 211 1 210 7 211 1 223 1 209 18 0 1 255 1 204 1 207 1 217 1 212 1 213 2 210 1 211 1 213 1 221 1 227 1 223 1 218 1 213 1 211 1 212 1 218 1 226 1 222 1 214 1 211 2 209 1 223 
1 211 1 210 4 211 2 210 1 211 1 210 1 211 5 210 1 224 1 210 15 0 1 211 1 210 1 215 10 0 1 213 1 225 1 218 1 213 78 0 1 191 1 207 1 212 2 213 1 217 1 210 1 212 1 213 1 216 1 210 1 211 2 210 1 217 1 226 1 219 1 211 1 210 4 211 1 210 1 211 1 210 1 211 3 210 1 211 1 210 1 224 1 209 25 0 1 255 1 212 1 213 2 211 1 210 2 212 1 224 1 226 1 221 1 214 1 212 1 217 1 226 1 214 4 211 14 210 1 227 1 211 15 0 1 211 1 214 
11 0 1 209 1 244 1 208 89 0 1 212 1 217 1 214 1 212 2 211 1 212 1 225 1 213 2 210 2 211 1 210 1 211 2 210 
2 211 1 210 2 211 1 224 1 211 31 0 1 212 1 207 1 212 1 211 1 210 1 211 1 223 1 226 1 220 1 215 1 214 3 210 1 211 8 210 2 211 1 210 1 211 1 214 2 213 27 0 1 210 1 216 1 218 1 209 95 0 2 212 1 220 1 216 1 210 1 211 3 210 1 211 1 210 2 211 1 210 2 211 
1 223 1 209 36 0 1 210 1 212 1 213 1 212 1 216 1 227 1 220 1 211 1 210 2 211 1 210 1 211 1 210 2 211 3 210 2 211 1 210 
1 223 1 209 28 0 
1 210 1 240 1 207 98 0 1 212 1 219 1 214 2 210 1 211 4 210 1 211 3 210 1 217 1 209 1 221 38 0 2 212 1 213 1 212 1 222 1 223 1 212 3 210 1 211 1 210 6 211 1 210 1 228 1 211 27 0 1 255 1 210 1 211 100 0 1 207 1 224 1 212 1 211 2 210 1 211 2 210 3 211 1 210 1 212 1 219 1 211 41 0 1 255 1 211 1 214 1 222 1 223 1 211 9 210 1 220 1 211 1 207 27 0 1 209 1 210 1 202 101 0 1 209 1 225 4 210 1 211 6 210 1 226 1 210 44 0 1 213 1 214 1 226 1 218 7 210 1 212 1 223 1 210 28 0 1 212 1 208 102 0 1 212 1 213 
1 217 1 210 2 211 2 210 1 211 3 210 1 211 1 219 1 209 1 255 44 0 1 191 2 215 1 229 1 216 1 211 1 210 1 211 1 210 1 213 1 235 1 209 29 0 1 255 104 0 1 210 1 227 1 211 3 210 
1 211 1 210 3 211 1 210 1 213 1 215 1 209 46 0 1 207 1 215 1 214 1 226 1 224 
1 223 1 227 1 220 1 214 1 196 134 0 1 208 1 213 1 215 10 210 1 227 1 209 48 0 2 213 1 214 2 213 1 212 137 0 1 210 1 226 3 210 1 211 1 210 1 211 4 210 1 223 1 209 191 0 1 209 1 216 1 212 1 210 2 211 2 210 1 211 2 210 1 211 1 216 2 210 190 0 1 191 1 208 1 219 2 211 1 210 2 211 1 210 2 211 1 210 1 211 1 224 1 207 191 0 1 211 1 225 3 210 1 211 2 210 1 211 3 210 1 215 1 218 1 207 190 0 1 209 1 222 1 211 2 210 1 211 6 210 1 209 1 223 1 215 1 209 189 0 2 211 1 215 5 210 1 211 
5 210 1 226 1 209 1 198 188 0 1 255 1 210 1 222 1 211 2 210 1 211 7 210 
1 211 1 225 1 209 189 0 1 211 1 226 2 210 2 211 2 210 3 211 2 210 1 211 1 224 1 210 189 0 1 209 1 220 1 211 6 210 2 211 2 210 1 211 1 223 1 210 189 0 1 201 1 210 1 216 11 210 1 224 1 208 190 0 1 210 1 223 
5 210 5 211 1 210 1 215 1 217 1 207 189 0 1 209 1 226 12 210 1 224 1 212 1 204 188 0 1 209 1 216 1 212 2 210 2 211 2 210 2 211 4 210 1 230 1 209 188 0 1 204 1 209 1 217 1 211 1 210 1 211 1 210 3 211 1 210 3 211 1 210 1 214 1 215 
1 210 188 0 1 210 1 228 13 210 1 227 1 211 188 0 1 210 1 217 1 213 5 210 1 211 1 210 1 211 2 210 2 211 1 225 1 212 189 0 
1 209 1 223 11 210 2 213 1 212 189 0 1 211 1 225 1 212 7 210 1 211 2 210 1 221 1 210 1 170 190 0 1 209 1 231 3 210 1 211 3 210 
1 211 2 210 1 223 1 209 191 0 1 212 1 214 1 230 1 211 1 210 3 211 4 210 1 212 1 219 
1 210 191 0 1 203 1 216 1 228 1 222 1 212 1 211 6 210 1 220 1 211 1 208 191 0 1 127 1 216 1 214 1 219 1 227 1 225 1 221 1 216 2 217 1 216 1 222 1 232 1 209 193 0 1 255 1 217 1 213 1 210 1 209 1 212 2 210 1 213 1 216 1 210 1 218 198 0 1 221 2 218 1 221 1 170 3199 0 
3218 0 1 72 1 127 203 0 1 85 1 86 1 87 1 84 202 0 1 84 1 88 
1 93 1 88 1 85 1 95 200 0 1 63 1 87 1 93 1 96 2 86 
1 81 162 0 2 87 1 85 1 84 3 86 31 0 1 85 1 87 1 95 1 93 1 87 1 88 1 85 158 0 1 84 1 86 1 93 1 92 1 91 3 92 2 88 1 84 30 0 1 72 1 86 1 93 1 89 1 93 1 86 1 85 156 0 
1 72 1 85 1 93 6 86 1 87 1 93 1 88 1 83 30 0 1 102 1 86 1 93 1 86 1 90 1 92 1 87 1 83 154 0 1 84 1 94 7 86 2 85 1 90 1 88 1 83 31 0 1 86 1 93 2 86 1 92 1 87 1 84 152 0 2 87 1 88 2 86 1 85 4 86 1 85 
1 86 1 85 2 89 1 83 31 0 1 85 1 93 1 86 1 85 1 89 1 91 1 86 1 78 150 0 1 85 1 92 12 86 1 91 1 86 
1 84 30 0 1 63 1 86 1 91 2 86 1 87 1 94 1 86 1 75 148 0 2 84 1 88 9 86 1 85 3 86 1 93 1 84 31 0 1 90 1 86 1 90 
1 85 2 86 1 93 1 87 1 85 147 0 1 84 1 91 15 86 1 91 1 83 12 0 2 85 1 87 16 0 1 86 1 87 1 88 3 86 1 92 
1 88 1 84 146 0 1 85 1 92 
15 86 1 89 1 85 1 78 11 0 1 85 
1 86 2 88 1 87 1 78 14 0 1 84 1 93 4 86 1 92 1 87 1 84 144 0 1 85 1 86 1 88 16 86 1 93 1 84 13 0 1 82 1 88 1 98 1 88 
1 85 1 84 13 0 1 85 1 92 4 86 1 93 1 87 1 84 143 0 1 84 1 93 17 86 2 88 1 83 14 0 1 86 1 90 1 97 1 86 1 87 1 75 11 0 1 82 1 87 1 89 4 86 1 92 1 85 142 0 1 86 1 90 1 87 18 86 1 92 1 84 15 0 1 83 1 86 1 95 1 93 1 87 1 84 11 0 1 83 1 92 5 86 1 93 1 84 140 0 1 85 1 92 1 87 19 86 1 87 1 88 1 84 
15 0 1 85 1 88 3 90 1 87 1 75 10 0 1 84 1 90 2 86 1 85 1 86 1 87 1 89 1 84 138 0 1 86 
1 93 1 87 1 85 19 86 1 85 1 92 1 84 16 0 1 81 1 87 1 91 1 86 1 92 1 88 1 83 9 0 1 84 1 91 4 86 1 85 1 91 1 86 1 95 135 0 1 63 1 86 1 93 1 87 7 86 1 85 14 86 2 87 1 89 16 0 1 87 1 88 1 89 1 86 1 91 1 88 1 84 9 0 1 84 1 91 5 86 
1 94 1 85 134 0 1 85 1 87 1 92 25 86 1 93 1 84 17 0 1 83 1 90 1 87 1 86 1 90 1 88 1 83 8 0 1 87 1 90 5 86 1 88 2 87 132 0 1 78 1 87 1 93 2 86 2 88 1 85 21 86 1 88 1 86 1 78 3 87 14 0 1 84 
1 93 2 86 1 90 1 88 1 86 8 0 1 84 1 91 5 86 1 92 1 83 131 0 1 85 1 89 1 91 2 85 1 89 1 87 1 85 1 86 1 87 21 86 1 93 2 84 1 86 2 89 1 85 1 51 11 0 1 85 1 87 1 90 1 86 1 85 1 89 
1 90 1 83 7 0 1 86 1 91 5 86 1 87 1 89 1 83 129 0 2 88 
1 89 1 86 1 85 1 90 1 88 2 84 1 91 22 86 
1 91 1 84 2 0 1 84 1 87 1 97 1 88 1 85 11 0 1 86 1 89 1 87 1 85 1 86 1 90 1 87 1 84 6 0 2 85 1 89 5 86 1 92 1 85 127 0 1 79 1 88 1 93 1 87 1 86 1 85 1 90 1 88 1 84 
1 0 1 84 1 91 15 86 1 85 6 86 2 87 1 85 3 0 1 86 1 98 1 91 1 86 1 81 10 0 1 84 1 92 2 86 1 85 1 92 1 87 1 85 6 0 
1 85 1 92 2 86 1 85 2 86 2 87 1 84 125 0 1 83 1 88 1 93 3 86 1 92 1 87 1 82 2 0 1 87 1 92 23 86 1 92 1 86 4 0 1 86 2 92 
2 87 1 76 8 0 1 85 1 89 1 87 3 86 1 94 1 84 6 0 1 86 2 87 5 86 1 92 1 85 124 0 1 86 1 88 1 90 3 86 1 94 1 87 1 85 3 0 1 86 1 92 23 86 1 88 1 85 1 91 4 0 1 86 1 92 1 87 1 94 1 87 1 81 8 0 1 86 1 91 3 86 1 87 1 89 1 83 6 0 1 84 1 91 5 86 1 89 1 86 
1 84 121 0 1 84 1 87 1 93 1 88 2 86 1 88 1 91 1 88 1 84 4 0 1 86 1 92 24 86 1 91 1 87 4 0 1 78 1 87 1 92 1 85 1 93 1 88 1 85 7 0 1 92 1 86 1 88 3 86 1 91 1 85 1 63 5 0 1 85 1 92 6 86 1 92 1 85 120 0 2 88 1 92 3 86 1 92 1 87 1 84 6 0 1 84 1 92 24 86 1 92 1 86 5 0 1 84 1 88 1 89 1 86 1 92 2 87 7 0 1 85 1 92 
4 86 1 91 1 86 5 0 3 87 5 86 1 91 1 85 118 0 1 78 1 87 1 92 1 88 2 86 1 88 1 94 1 87 1 83 7 0 1 84 1 92 24 86 1 89 1 84 1 76 5 0 1 83 1 92 1 87 1 85 1 92 1 86 1 90 6 0 1 84 2 87 3 86 1 90 
1 85 1 84 5 0 1 84 1 91 5 86 1 88 1 84 1 91 116 0 1 86 1 87 1 93 1 86 1 85 1 86 1 91 1 87 1 86 1 69 8 0 1 86 1 92 25 86 1 89 1 87 
6 0 1 86 1 92 1 85 1 86 1 92 1 85 7 0 1 85 1 91 4 86 1 92 1 85 5 0 1 85 1 93 6 86 1 91 1 84 114 0 1 81 1 88 1 90 1 89 1 85 1 86 1 89 1 92 2 86 10 0 1 86 1 92 3 86 1 85 2 86 1 85 6 86 1 85 11 86 1 92 1 85 6 0 1 77 1 85 1 88 1 85 1 86 1 93 1 85 6 0 1 85 1 92 4 86 1 91 1 85 1 127 4 0 1 86 2 87 
3 86 1 85 1 86 1 92 1 86 113 0 
1 85 1 88 1 92 1 87 1 85 1 87 1 92 1 87 1 85 12 0 1 84 1 92 4 86 1 85 1 86 1 85 
1 86 2 85 3 86 1 85 2 86 1 85 8 86 1 89 1 84 1 85 6 0 1 84 1 92 2 85 1 88 1 87 1 83 5 0 1 88 1 85 1 88 4 86 1 90 1 86 4 0 1 72 1 84 1 89 2 86 1 85 2 86 
1 89 1 84 1 76 110 0 1 85 1 86 1 91 1 89 1 85 1 86 1 91 
1 89 1 87 1 85 13 0 1 86 1 91 1 86 1 85 1 87 1 89 1 85 2 86 7 85 1 86 4 85 3 86 2 85 3 86 1 83 6 0 1 85 1 86 1 88 1 86 1 85 1 92 1 85 6 0 1 85 1 92 1 86 1 85 2 86 1 92 1 85 5 0 1 85 1 91 1 85 1 86 3 85 1 86 1 87 1 86 108 0 1 79 2 87 1 92 1 86 1 85 1 89 1 91 1 87 1 84 15 0 1 84 1 92 1 86 1 87 2 85 1 93 8 86 2 85 1 86 1 85 
2 86 1 85 6 86 1 91 1 86 7 0 1 84 1 92 3 86 1 90 1 84 5 0 
1 84 1 90 4 86 1 88 1 84 1 90 4 0 1 84 1 91 2 86 1 85 3 86 1 90 1 86 106 0 1 51 2 87 1 92 1 88 1 86 1 87 1 93 1 88 1 85 17 0 1 86 1 92 1 86 1 90 1 87 1 85 1 87 1 92 20 86 1 91 1 85 7 0 1 86 2 87 2 86 1 91 1 85 5 0 1 90 1 86 1 88 4 86 1 89 1 84 4 0 1 85 1 87 6 86 1 92 1 84 105 0 1 86 1 87 1 91 1 89 1 86 1 87 1 91 1 87 2 88 18 0 1 85 1 91 1 86 1 92 1 85 1 0 1 91 1 87 1 92 1 85 6 86 1 85 11 86 1 88 
1 85 1 84 7 0 1 84 1 90 1 86 1 85 1 86 2 88 5 0 1 85 1 91 4 86 1 92 1 84 4 0 2 85 1 88 2 86 1 85 2 86 1 93 1 85 103 0 2 86 1 89 1 90 
1 86 1 85 1 90 1 89 1 86 1 88 20 0 1 86 1 92 1 86 1 92 
1 86 2 0 1 80 1 87 1 89 1 85 3 86 1 85 7 86 1 85 6 86 1 90 1 87 7 0 1 84 1 92 3 86 1 93 1 85 5 0 1 84 1 93 4 86 1 91 1 84 5 0 1 85 
1 91 1 85 4 86 1 92 1 85 101 0 1 87 1 86 1 90 1 91 1 86 1 85 1 88 1 93 2 87 22 0 1 83 2 87 1 90 1 85 3 0 1 84 
1 91 1 86 1 85 6 86 1 85 6 86 1 85 3 86 1 92 1 85 7 0 1 88 
1 85 1 88 2 86 1 89 1 85 1 84 4 0 1 85 1 88 4 86 1 89 1 85 5 0 1 85 1 92 4 86 
1 85 1 92 1 85 98 0 1 84 1 87 1 85 1 88 1 91 3 86 1 92 1 87 1 86 1 78 23 0 1 82 1 85 1 87 1 89 1 85 1 76 3 0 1 85 1 92 1 85 6 86 1 85 10 86 1 91 1 86 8 0 1 84 1 91 2 86 1 87 
1 88 1 84 4 0 1 88 1 84 1 88 3 86 1 88 1 86 1 79 4 0 1 85 1 90 3 86 1 85 1 86 1 92 1 85 96 0 1 84 2 86 2 91 1 87 2 85 1 89 1 91 1 87 1 80 25 0 1 91 1 86 1 88 1 87 1 85 1 87 3 0 2 88 1 87 14 86 1 85 2 86 1 88 1 84 1 80 7 0 1 86 1 92 1 86 1 85 1 86 1 92 1 84 5 0 1 84 1 90 3 86 1 87 2 86 4 0 1 84 1 89 5 86 1 92 1 85 94 0 2 86 1 87 
1 92 1 90 2 86 1 85 1 86 1 92 1 88 1 86 28 0 1 85 1 90 1 87 1 88 1 87 4 0 1 84 1 92 3 86 1 85 10 86 1 85 2 86 1 87 1 88 1 84 7 0 1 85 1 88 3 86 1 92 1 86 5 0 1 86 1 92 3 86 1 87 1 85 1 84 4 0 1 85 1 88 5 86 1 92 1 85 91 0 2 87 1 86 1 88 1 92 1 88 1 86 1 85 1 86 1 85 1 87 
1 93 1 88 1 82 29 0 1 86 1 91 1 86 1 92 1 84 4 0 1 88 2 87 3 86 1 85 4 86 1 85 2 86 1 85 5 86 1 92 1 85 7 0 1 72 1 84 1 89 2 86 1 89 1 85 5 0 1 86 1 91 3 86 1 87 1 86 1 84 
4 0 1 84 1 85 1 88 4 86 1 92 1 85 88 0 1 95 1 87 2 86 1 92 1 90 1 86 1 85 3 86 1 85 1 88 1 90 1 87 31 0 1 85 1 92 1 85 
1 92 1 84 5 0 1 85 1 91 1 85 3 86 1 85 1 86 1 85 10 86 1 92 1 86 8 0 1 86 1 91 2 86 1 87 1 85 1 87 4 0 1 84 1 90 1 86 1 85 1 86 1 87 1 85 1 82 4 0 1 80 
1 85 1 88 2 86 1 85 1 86 1 92 1 85 86 0 1 82 1 87 1 86 1 89 1 92 1 87 1 86 1 85 1 86 2 85 1 86 1 85 1 88 1 89 1 86 32 0 1 86 1 90 1 86 1 92 1 86 5 0 1 86 1 91 1 86 1 85 2 86 1 85 1 86 1 85 1 86 1 85 4 86 2 85 2 86 1 90 1 85 1 127 7 0 1 85 1 92 1 86 1 85 1 87 2 86 4 0 1 87 1 86 1 87 1 86 1 85 1 86 1 89 1 86 4 0 1 76 1 86 1 88 1 85 1 86 1 85 
1 86 1 92 1 85 83 0 1 91 3 86 
1 92 1 89 6 86 1 85 1 86 1 85 1 88 1 87 1 83 33 0 1 86 1 88 1 86 1 90 2 85 4 0 1 84 1 85 1 88 
2 85 6 86 1 85 4 86 1 85 2 86 1 89 1 85 1 127 7 0 1 84 1 87 2 86 
2 87 1 84 4 0 2 85 1 88 3 86 1 92 1 85 4 0 1 102 1 86 1 90 1 85 3 86 1 92 1 85 81 0 1 86 1 87 1 86 1 90 1 92 1 87 2 86 1 85 2 86 
5 85 1 86 1 91 1 84 34 0 1 91 1 84 2 88 1 85 1 87 5 0 1 84 1 91 2 85 8 86 2 85 4 86 1 87 1 86 1 82 7 0 1 84 1 85 1 87 1 85 1 86 1 92 1 86 4 0 1 76 1 85 1 89 3 86 1 92 1 84 5 0 1 85 1 91 1 85 3 86 1 92 1 85 79 0 1 88 2 87 1 93 1 89 13 86 
1 92 1 85 36 0 1 84 1 91 1 86 1 88 1 83 5 0 1 84 1 91 17 86 1 88 1 83 7 0 1 51 1 85 1 89 2 86 1 92 1 85 5 0 1 85 1 91 
1 86 1 85 1 86 1 92 1 86 5 0 1 86 1 91 4 86 1 92 1 85 77 0 1 84 1 86 1 88 1 92 1 87 14 86 1 87 1 88 1 86 36 0 1 86 1 92 1 86 1 91 1 84 5 0 1 84 1 86 1 87 16 86 1 91 1 84 7 0 1 85 1 86 1 89 2 86 1 92 1 86 5 0 1 85 1 91 3 86 1 90 1 85 
5 0 1 86 1 91 1 86 1 85 2 86 1 92 1 85 76 0 1 84 
1 87 1 92 1 87 1 85 3 86 2 85 10 86 1 90 1 84 37 0 1 84 1 90 
1 86 1 92 1 86 5 0 1 127 1 86 1 90 7 86 1 85 3 86 1 85 4 86 1 92 1 85 7 0 1 63 1 85 1 89 2 86 1 92 1 85 5 0 1 85 1 91 2 86 1 87 1 85 1 83 5 0 
1 86 1 91 4 86 1 92 1 85 73 0 1 87 1 98 1 81 1 88 1 91 5 86 1 85 1 84 11 86 1 92 1 84 37 0 1 88 1 85 1 88 1 90 2 85 5 0 1 86 1 91 16 86 1 91 1 84 7 0 1 63 1 85 1 89 2 86 1 92 1 85 5 0 1 84 1 92 2 86 1 87 1 86 1 84 5 0 1 86 1 91 4 86 1 92 1 85 70 0 1 72 1 87 1 89 2 86 1 88 1 90 6 86 1 77 1 155 1 110 1 81 
9 86 1 90 1 85 38 0 1 85 1 90 1 88 1 85 1 93 5 0 1 85 
1 92 5 86 1 85 10 86 1 91 1 85 7 0 1 63 1 85 1 89 1 86 
2 87 1 86 5 0 1 85 1 92 2 86 1 87 2 86 5 0 1 84 1 91 4 86 1 92 1 84 68 0 1 92 1 86 1 87 1 94 1 91 1 83 1 84 1 92 2 85 4 86 1 81 1 99 1 240 1 133 1 76 3 86 1 85 5 86 1 90 1 84 38 0 1 85 1 92 2 87 1 86 5 0 1 86 1 89 1 86 1 85 1 86 1 85 
6 86 1 85 3 86 1 85 1 86 1 90 1 86 1 102 6 0 1 63 1 85 1 89 1 86 1 87 1 86 1 88 5 0 1 86 1 92 1 86 1 85 1 88 1 85 1 87 5 0 1 84 1 91 1 86 1 85 1 86 1 85 1 91 1 85 66 0 1 78 
1 88 1 87 1 92 1 90 1 91 1 84 1 85 1 93 1 86 2 85 2 86 2 85 1 75 1 131 1 255 1 136 1 75 1 86 1 84 1 73 1 74 1 83 4 86 1 90 
1 84 38 0 1 84 1 91 1 86 1 92 1 87 5 0 1 86 1 89 1 86 1 85 7 86 
1 85 3 86 1 85 2 86 1 88 1 85 1 81 6 0 1 63 1 85 1 89 1 86 1 87 1 85 1 87 5 0 1 86 1 92 
1 86 1 85 1 89 1 85 1 127 5 0 1 86 1 91 1 86 1 85 2 86 1 90 1 84 65 0 1 84 1 87 1 93 1 89 3 86 
1 84 1 85 1 89 7 86 1 73 1 152 1 255 1 125 1 76 1 83 1 91 1 163 1 152 1 93 1 83 3 86 1 91 1 84 7 0 2 255 1 0 1 255 6 0 3 255 3 0 1 255 14 0 1 81 1 86 1 88 1 92 1 85 5 0 1 83 1 89 1 86 1 85 6 86 1 85 3 86 1 85 1 86 
1 85 1 86 1 88 2 85 6 0 1 63 1 85 1 89 1 86 1 89 1 85 6 0 1 86 1 92 2 86 1 89 1 86 1 127 
5 0 1 86 1 92 3 86 2 87 1 84 63 0 1 83 1 88 1 90 1 89 1 87 1 86 1 85 1 89 2 85 1 91 5 86 1 85 1 86 1 85 1 77 1 198 1 255 1 126 1 76 1 73 1 143 2 255 1 178 1 74 1 86 1 85 1 86 1 91 1 88 7 0 1 255 1 0 
3 255 1 0 1 255 1 0 1 255 1 0 1 255 1 0 2 255 2 0 2 255 14 0 
1 86 1 91 1 90 1 85 1 127 4 0 1 81 1 86 1 88 2 85 1 86 2 85 2 86 1 85 5 86 1 85 1 86 1 88 1 85 1 88 
6 0 1 63 1 85 1 89 1 86 1 90 1 85 6 0 1 86 1 91 1 86 1 85 1 92 1 86 6 0 
1 84 1 91 2 86 1 85 1 88 1 85 1 91 62 0 1 83 1 88 1 93 5 86 1 91 1 86 1 85 1 91 4 86 1 85 2 86 1 82 
1 92 1 236 1 255 1 124 1 76 1 75 1 191 2 255 1 155 1 74 1 85 2 86 1 91 1 88 1 0 2 255 11 0 
1 255 1 0 2 255 1 0 2 255 2 0 2 255 14 0 1 84 1 91 1 87 2 84 
4 0 1 85 1 84 1 88 1 86 2 85 2 86 1 85 2 86 2 85 3 86 1 85 1 86 1 88 1 86 1 84 6 0 1 63 1 85 1 89 1 85 1 92 1 85 6 0 1 85 1 91 1 86 1 85 1 92 1 86 6 0 1 86 1 91 2 86 1 85 
1 91 1 85 62 0 1 82 1 86 1 93 1 87 1 85 2 86 1 85 1 86 1 91 2 86 1 90 2 86 1 85 1 82 1 79 1 73 1 72 1 65 1 110 1 255 1 240 1 89 1 64 
1 76 1 225 1 255 1 236 1 92 1 76 1 83 1 85 1 86 1 92 1 87 6 0 1 255 3 0 1 255 1 0 2 255 2 0 2 255 1 0 
2 255 2 0 1 255 15 0 1 89 1 85 1 87 1 91 1 84 4 0 1 78 
1 86 1 88 1 86 1 85 7 86 1 85 3 86 1 85 2 86 1 89 1 86 6 0 1 63 1 85 1 89 1 86 
1 90 1 84 6 0 1 85 1 91 2 86 1 89 1 84 6 0 1 86 1 91 3 86 1 92 1 84 62 0 1 85 
1 94 2 85 1 88 1 85 1 84 1 85 1 89 1 88 1 83 1 85 1 90 1 86 1 85 1 89 1 102 1 119 1 160 1 179 1 182 1 208 1 253 1 242 1 180 1 166 1 171 1 245 1 254 1 217 1 110 
1 98 1 86 1 83 1 86 1 92 1 86 6 0 1 255 3 0 1 255 1 0 2 255 1 0 3 255 1 0 2 255 2 0 1 255 
15 0 1 85 1 84 1 90 1 92 1 85 4 0 1 81 1 85 1 88 13 86 1 85 2 86 1 90 1 84 6 0 2 85 1 89 1 88 1 86 1 87 6 0 1 85 1 91 1 86 1 88 1 85 1 89 6 0 1 86 1 91 3 86 1 90 1 84 61 0 1 86 1 91 1 88 1 84 1 86 1 93 1 86 
1 92 1 85 1 90 1 85 1 86 1 84 1 87 1 85 1 83 1 107 1 158 1 197 1 232 1 249 2 255 1 250 1 254 3 255 2 252 2 255 1 245 1 234 1 127 1 77 1 90 
2 85 3 0 1 255 1 0 1 255 5 0 1 255 2 0 3 255 1 0 2 255 19 0 1 85 1 93 1 89 1 85 1 69 3 0 1 86 1 89 4 86 1 85 3 86 1 85 
3 86 1 85 1 86 1 85 2 86 1 90 1 83 6 0 1 87 1 85 1 87 1 90 1 85 1 255 5 0 1 95 1 86 1 89 
1 86 1 91 1 85 7 0 1 85 1 91 2 86 1 88 1 84 1 80 61 0 1 86 1 95 1 84 1 89 1 85 1 93 1 85 1 92 1 86 1 90 1 85 1 86 
1 85 1 87 2 86 1 84 2 80 1 85 1 90 1 116 1 242 1 255 1 183 1 103 1 113 1 194 1 254 1 246 1 202 1 221 1 236 1 211 1 103 1 81 2 87 1 84 3 0 
2 255 5 0 2 255 4 0 3 255 20 0 1 86 1 88 1 87 1 88 1 87 3 0 1 83 1 89 1 86 1 85 2 86 1 85 8 86 1 85 
3 86 1 90 1 83 6 0 2 86 1 87 1 92 1 86 6 0 2 85 1 88 1 86 1 92 1 86 6 0 1 95 1 85 1 90 1 86 1 85 1 91 1 84 62 0 1 85 1 93 1 85 1 81 1 86 1 93 1 85 1 88 1 86 1 90 1 85 1 87 1 81 1 79 1 75 4 73 1 71 1 58 1 121 1 255 1 253 1 114 1 59 1 62 1 199 1 255 1 207 1 72 1 83 1 91 1 80 1 82 1 87 1 86 1 92 1 84 16 0 3 255 21 0 1 85 1 91 1 92 1 84 3 0 1 83 1 89 17 86 1 90 1 83 
6 0 1 87 1 88 2 87 1 88 6 0 2 88 2 87 1 85 1 84 6 0 1 80 
1 85 1 88 2 86 1 91 1 85 61 0 1 81 1 84 1 93 3 85 1 93 1 85 1 88 1 86 1 90 1 85 1 82 1 107 1 130 1 149 1 167 1 183 1 186 1 181 1 174 1 157 1 202 
1 254 1 243 1 133 1 105 1 123 1 245 1 255 1 145 1 61 1 72 1 81 1 85 3 86 1 89 1 85 1 78 1 0 1 255 37 0 1 86 1 92 1 90 
1 84 1 127 2 0 1 86 1 90 3 86 1 85 7 86 1 85 3 86 1 85 1 86 1 90 1 83 6 0 1 86 1 92 1 91 1 85 7 0 1 86 1 91 1 86 1 90 1 85 7 0 1 81 1 86 1 88 1 86 1 87 1 86 
1 82 61 0 1 81 1 84 1 92 1 84 1 63 1 85 1 93 1 85 1 91 1 85 1 90 1 85 1 82 1 100 1 116 1 140 1 178 1 206 1 221 1 242 1 254 2 255 1 251 3 255 1 249 
2 253 1 216 1 189 1 158 1 93 1 83 4 86 1 92 1 85 10 0 1 255 6 0 
2 255 20 0 1 87 1 86 1 88 1 87 1 88 2 0 1 85 
1 92 13 86 1 85 3 86 1 90 1 83 6 0 1 85 2 92 1 85 
7 0 1 85 1 92 1 86 1 92 1 84 7 0 1 86 1 88 2 86 1 91 2 85 61 0 1 84 1 85 1 90 
1 85 1 77 1 85 1 93 3 84 1 91 1 85 1 87 1 82 1 85 1 76 1 73 1 75 1 80 1 91 1 94 1 142 1 252 1 254 1 229 1 213 1 234 2 252 4 255 
1 113 1 78 3 86 1 87 1 89 1 87 1 84 3 0 1 255 1 0 1 255 3 0 1 255 1 0 1 255 2 0 5 255 20 0 1 84 2 92 1 85 2 0 1 85 1 91 10 86 2 85 5 86 1 91 1 82 5 0 1 85 1 84 1 93 2 85 7 0 1 85 1 91 1 88 1 86 1 85 7 0 1 85 1 91 2 86 1 92 1 86 62 0 1 84 1 85 1 90 1 85 1 84 1 86 1 92 1 84 
1 63 1 84 1 92 1 90 1 86 1 85 1 90 3 85 1 84 1 82 1 68 1 165 2 255 1 132 1 65 1 116 1 250 1 252 1 151 1 139 1 160 1 133 1 82 1 85 2 86 1 85 
2 86 1 92 1 86 1 85 2 0 2 255 6 0 1 255 1 0 3 255 2 0 1 255 1 0 2 255 17 0 1 84 2 90 1 84 1 85 1 63 1 85 1 90 1 86 1 85 2 86 1 85 4 86 
4 85 3 86 1 87 1 88 1 84 5 0 1 79 1 86 1 94 1 86 7 0 1 102 1 85 1 89 1 92 
1 84 8 0 1 86 1 92 1 85 1 88 1 85 1 76 62 0 1 87 1 85 1 89 1 87 1 82 1 84 1 92 1 86 1 85 1 86 1 92 1 91 1 85 
1 86 1 91 4 86 1 85 1 74 1 196 1 255 1 236 1 91 1 67 1 153 1 255 1 205 1 70 2 73 1 76 1 85 7 86 1 93 1 88 
8 0 1 255 1 0 1 255 3 0 4 255 1 0 2 255 17 0 2 84 1 90 1 88 1 83 1 90 1 86 1 87 1 86 2 85 2 86 1 85 4 86 1 85 5 86 1 88 1 84 1 89 5 0 1 83 1 95 1 85 1 95 7 0 1 85 1 86 1 88 2 87 8 0 1 86 1 90 1 85 1 92 1 84 63 0 1 84 1 85 1 88 1 92 1 84 1 87 1 92 1 91 2 86 1 91 1 92 2 84 1 92 5 86 1 78 1 127 1 228 1 163 1 73 1 79 1 211 1 255 1 134 1 74 11 86 1 87 1 91 1 87 1 84 6 0 1 255 6 0 2 255 3 0 1 255 18 0 1 87 1 91 1 92 1 84 1 83 1 89 17 86 1 87 1 84 1 88 
5 0 1 84 1 98 1 86 8 0 1 85 1 91 1 92 1 85 8 0 1 95 1 85 
1 88 1 86 1 89 1 83 64 0 1 84 2 90 1 85 1 87 1 86 1 93 1 85 1 80 1 84 1 91 1 85 1 83 1 89 3 86 2 85 1 86 1 78 1 89 
1 84 1 77 1 114 1 255 1 208 1 84 1 83 6 86 1 87 4 86 1 85 1 87 1 94 1 88 1 87 12 0 1 255 3 0 2 255 18 0 1 102 
1 85 1 91 1 85 1 86 1 89 1 86 1 85 1 86 2 85 4 86 1 85 2 86 1 85 4 86 1 89 1 85 1 92 4 0 1 91 
1 88 2 85 8 0 1 86 1 93 1 88 1 87 8 0 1 84 1 89 1 86 1 90 1 84 1 85 64 0 1 85 1 92 1 86 1 90 1 83 1 85 1 93 1 86 1 92 1 85 1 91 1 86 1 84 1 85 1 87 1 85 5 86 1 83 1 84 1 72 1 179 1 252 1 116 
1 77 1 86 1 85 3 86 1 85 2 86 1 85 6 86 1 90 1 89 1 85 1 88 1 85 1 86 1 85 1 92 1 102 1 85 1 72 28 0 1 85 1 92 1 87 1 88 2 86 1 85 2 86 1 85 3 86 1 85 2 86 1 85 5 86 1 91 1 86 5 0 1 86 1 97 1 84 8 0 1 90 1 86 1 95 1 84 9 0 1 86 1 92 1 86 1 92 1 85 65 0 1 82 1 86 
1 88 1 90 1 85 1 84 1 90 1 92 2 85 1 93 1 92 1 84 1 85 1 91 5 86 1 85 1 86 1 82 1 93 1 233 1 148 1 85 1 84 7 86 1 87 1 86 1 87 6 86 1 87 1 91 1 93 1 90 1 85 2 86 1 85 2 86 1 85 4 86 1 85 1 87 1 85 
1 84 1 90 1 85 17 0 1 91 1 85 1 89 4 86 1 85 1 86 1 85 
1 86 1 85 7 86 1 85 2 86 1 91 1 85 5 0 2 85 9 0 
1 87 1 92 1 87 1 84 9 0 1 84 1 91 1 89 1 84 1 76 66 0 1 84 1 94 2 86 2 85 
1 90 1 85 1 84 1 87 1 89 2 85 1 89 7 86 1 74 1 151 1 190 1 87 1 85 21 86 2 87 1 88 1 90 2 89 1 90 7 92 4 85 1 86 
2 85 1 88 1 89 1 92 11 0 1 84 1 93 4 86 1 85 14 86 1 92 1 84 4 0 1 87 1 85 1 84 9 0 1 84 1 97 1 85 9 0 1 81 1 86 1 88 1 92 1 85 67 0 1 85 1 87 1 95 1 89 1 88 1 85 1 86 1 90 1 87 1 85 2 89 1 84 1 85 1 88 6 86 1 80 1 149 1 109 1 81 1 85 17 86 1 87 9 90 1 88 3 87 4 86 3 87 2 90 1 92 1 91 1 90 2 86 
1 85 2 86 1 81 7 0 1 84 1 86 1 88 18 86 1 92 1 86 4 0 1 86 1 85 9 0 1 93 1 88 1 86 1 102 9 0 1 86 2 90 1 84 1 63 69 0 1 85 1 87 1 93 1 89 2 86 1 89 3 86 1 85 3 86 
1 85 4 86 1 87 1 86 1 81 2 86 2 85 2 86 1 85 4 86 3 85 4 86 1 88 9 85 1 84 1 86 2 85 1 88 1 92 1 91 2 92 1 90 1 89 1 88 1 87 4 86 1 87 1 89 2 92 1 90 1 85 1 86 
2 84 1 85 4 0 1 84 1 93 1 85 2 86 1 85 14 86 1 88 1 87 4 0 1 85 10 0 1 85 1 96 1 82 10 0 1 85 1 92 1 91 
1 87 71 0 2 87 1 86 1 89 1 93 1 91 1 89 2 88 2 87 1 86 1 88 1 87 1 85 3 86 
2 85 6 86 2 85 3 86 1 85 4 86 1 85 1 86 2 87 1 83 9 0 1 84 1 89 1 82 1 87 2 85 5 86 1 88 2 92 1 91 1 90 1 88 2 86 1 85 1 86 1 88 1 91 1 92 1 88 3 86 
1 90 1 0 1 102 1 86 1 88 9 86 1 85 2 86 1 85 2 86 1 85 1 88 1 86 1 84 14 0 1 127 1 85 1 84 10 0 1 85 1 84 1 95 1 85 1 255 73 0 1 84 1 83 1 88 1 86 3 85 1 88 1 89 1 90 2 85 1 92 1 91 1 89 3 88 18 86 1 91 1 85 18 0 1 255 1 102 1 87 1 88 2 85 1 86 1 85 1 86 1 87 1 90 1 92 1 91 1 89 1 87 1 86 1 87 1 89 1 92 1 90 1 87 3 86 1 91 
11 86 1 85 3 86 1 85 1 91 1 84 15 0 1 86 1 85 1 78 10 0 1 86 1 92 1 89 1 86 78 0 1 95 1 79 1 84 2 87 1 90 1 82 1 85 1 86 1 88 1 85 1 86 2 85 1 88 1 92 1 89 1 86 1 85 8 86 1 85 4 86 1 91 1 84 25 0 1 127 1 84 1 83 1 87 1 84 1 85 2 86 1 91 1 92 1 90 1 87 1 86 1 88 1 92 1 87 1 85 2 86 1 85 6 86 1 85 2 86 2 85 2 86 1 85 1 92 1 87 15 0 2 87 
11 0 1 85 1 99 1 84 89 0 1 85 1 84 1 81 1 85 1 87 2 86 1 92 1 87 2 85 1 86 1 85 2 86 2 85 
2 86 2 85 1 86 1 91 1 85 31 0 1 85 1 88 3 85 1 86 1 90 1 92 1 89 2 87 2 85 2 86 2 85 1 86 1 85 6 86 1 85 1 86 1 87 1 86 1 88 27 0 1 75 2 88 1 81 95 0 1 85 1 86 1 89 1 88 1 85 1 86 1 85 9 86 
1 90 1 85 36 0 1 82 1 84 1 85 1 86 1 88 1 92 1 90 6 86 1 85 8 86 
1 90 1 85 28 0 
1 85 1 98 1 84 98 0 1 85 1 89 1 87 1 85 4 86 3 85 1 86 1 85 1 86 1 88 2 85 38 0 2 85 2 87 2 90 1 86 1 85 1 86 1 85 6 86 1 85 2 86 1 93 1 84 28 0 2 86 100 0 1 84 1 92 1 86 2 85 3 86 1 85 3 86 1 85 1 86 1 89 1 83 41 0 1 85 1 84 1 87 1 90 1 91 1 86 1 85 2 86 2 85 1 86 1 85 1 86 1 85 1 90 1 85 1 79 27 0 1 86 1 85 1 87 101 0 1 85 1 92 4 85 1 86 3 85 1 86 1 85 1 86 1 92 1 84 44 0 1 87 1 88 1 92 1 88 1 85 2 86 1 85 4 86 1 91 1 86 28 0 1 85 1 86 102 0 1 85 1 86 
1 88 1 85 5 86 1 85 1 86 1 85 1 86 1 89 1 85 1 63 44 0 1 63 2 87 1 93 1 88 1 86 2 85 1 86 1 87 1 95 1 85 29 0 1 127 104 0 1 86 1 92 4 86 
1 85 4 86 1 85 1 86 1 87 1 83 46 0 1 84 1 87 1 86 1 92 2 91 1 92 1 89 1 87 1 78 134 0 1 84 1 86 1 87 2 85 1 86 7 85 1 92 1 84 48 0 1 90 2 87 2 86 1 85 137 0 1 84 1 92 1 85 1 86 1 85 3 86 1 85 3 86 1 91 1 85 191 0 1 83 1 88 4 86 1 85 5 86 1 88 1 85 1 90 190 0 1 63 1 85 1 89 2 86 1 85 1 86 1 85 2 86 1 85 2 86 1 91 1 83 191 0 1 84 1 92 4 86 1 85 2 86 1 85 1 86 1 85 2 88 1 83 190 0 1 87 1 90 1 86 4 85 5 86 1 85 1 90 1 87 1 84 189 0 1 87 1 86 1 88 11 85 1 92 1 85 1 84 188 0 1 127 1 85 1 90 1 85 4 86 1 85 6 86 1 91 1 84 189 0 1 85 1 92 3 86 2 85 5 86 1 85 1 86 1 91 1 86 189 0 1 83 1 89 2 86 2 85 5 86 2 85 1 86 1 91 1 84 189 0 1 80 1 84 1 88 2 86 1 85 2 86 1 85 1 86 4 85 1 91 1 85 190 0 1 85 1 91 
1 86 1 85 1 86 1 85 7 86 2 88 1 83 189 0 1 86 1 92 10 85 1 86 1 85 1 91 1 86 1 85 188 0 1 83 1 88 6 86 1 85 5 86 1 85 1 93 1 84 188 0 1 85 1 84 1 88 7 86 1 85 4 86 2 87 
1 83 188 0 1 84 1 92 3 85 1 86 4 85 1 86 1 85 1 86 2 85 1 92 1 86 188 0 1 84 1 88 7 86 1 85 1 86 1 85 3 86 1 92 1 85 189 0 
1 85 1 90 3 85 8 86 2 87 1 85 189 0 1 87 1 91 1 86 2 85 
1 86 1 85 2 86 1 85 1 86 2 85 1 90 2 85 190 0 1 84 1 94 2 86 1 85 5 86 1 85 1 86 1 90 1 84 191 0 1 84 1 87 1 93 7 86 2 85 1 86 1 89 
1 84 191 0 1 81 1 87 1 93 1 90 1 86 2 85 1 86 4 85 1 90 1 86 1 81 191 0 1 127 1 88 1 87 1 89 2 92 1 90 3 88 1 87 1 90 1 94 1 86 194 0 1 86 3 85 1 86 1 84 2 86 1 88 1 85 1 72 198 0 1 85 2 91 2 85 3199 0 
3218 0 1 36 204 0 1 40 3 42 202 0 1 40 1 42 
1 45 2 42 1 31 200 0 1 63 1 42 1 45 1 47 1 41 1 42 
1 40 162 0 1 43 1 42 1 41 1 42 1 41 2 43 31 0 2 42 1 46 1 45 1 41 1 43 1 51 158 0 1 28 1 41 6 45 2 43 1 42 30 0 1 36 1 42 1 45 1 43 1 45 2 42 156 0 
1 36 1 40 1 46 7 42 1 45 1 42 1 39 30 0 1 51 1 41 1 45 1 42 1 44 1 45 1 43 1 41 154 0 1 41 1 46 9 42 1 44 1 42 1 41 31 0 1 42 1 45 2 42 1 45 1 42 1 41 152 0 1 40 2 43 10 42 2 44 1 41 31 0 1 41 1 45 2 42 1 43 1 45 1 43 1 39 150 0 1 40 1 45 12 42 1 44 1 41 
1 42 30 0 1 63 1 42 1 45 3 42 1 46 1 42 1 45 148 0 1 36 1 41 1 43 13 42 1 45 1 42 31 0 1 45 1 42 1 44 
3 42 1 45 2 42 147 0 1 40 1 45 15 42 1 44 1 41 12 0 1 51 1 40 1 43 16 0 1 40 1 42 1 43 3 42 1 45 
2 42 146 0 1 41 1 45 
15 42 1 44 1 42 1 39 11 0 1 85 
1 40 2 43 1 41 1 39 14 0 1 42 1 45 4 42 1 45 2 42 144 0 2 42 1 43 16 42 1 45 1 41 13 0 1 41 1 42 1 48 1 43 
1 41 1 42 13 0 1 42 1 45 4 42 1 45 1 41 1 56 143 0 1 41 1 45 17 42 1 43 1 42 1 44 14 0 1 42 1 44 1 47 2 42 1 45 11 0 1 45 2 43 4 42 1 45 1 41 142 0 1 43 1 44 19 42 1 45 1 41 15 0 1 39 1 41 1 47 1 46 1 42 1 40 11 0 1 40 1 45 5 42 1 45 1 40 140 0 1 41 1 45 1 43 20 42 1 43 1 40 
15 0 2 42 3 44 1 41 1 45 10 0 1 41 1 44 4 42 2 43 1 42 138 0 1 42 
1 45 1 43 21 42 1 45 1 41 16 0 1 40 1 43 1 44 1 42 1 45 1 43 1 41 9 0 1 42 1 45 5 42 1 44 1 41 1 47 135 0 1 31 1 41 1 45 23 42 1 43 1 42 1 41 16 0 1 39 1 43 1 44 1 42 1 45 1 43 1 40 9 0 1 41 1 44 5 42 
1 46 1 41 134 0 2 42 1 45 25 42 1 45 1 40 17 0 1 40 1 43 2 42 1 44 1 42 1 41 8 0 1 41 1 44 5 42 1 43 1 42 1 43 132 0 1 42 1 43 1 45 2 42 2 43 22 42 1 43 1 42 1 39 1 43 2 41 14 0 1 40 
1 46 2 42 1 44 1 43 1 41 8 0 1 41 1 45 5 42 1 45 1 41 131 0 1 41 1 43 1 44 2 42 1 43 1 42 1 41 1 42 1 43 21 42 1 45 1 41 1 28 1 42 1 43 1 44 1 41 1 51 11 0 1 34 1 42 1 44 2 42 1 44 
1 43 1 41 7 0 1 42 1 44 6 42 2 43 129 0 1 42 1 43 
1 44 2 42 1 44 1 43 2 40 1 44 22 42 
1 44 1 41 2 0 1 42 1 43 1 48 1 43 1 41 11 0 2 43 3 42 1 44 1 43 1 39 6 0 1 42 1 41 1 43 5 42 1 45 1 42 127 0 1 39 1 42 1 46 3 42 1 44 1 43 1 42 
1 0 1 41 1 45 23 42 1 43 1 42 3 0 1 41 1 48 1 45 1 42 1 43 10 0 1 41 1 45 3 42 1 45 2 42 6 0 
1 41 1 45 8 42 125 0 1 41 1 43 1 45 3 42 1 45 1 42 1 38 2 0 1 41 1 45 23 42 1 45 1 41 4 0 1 41 2 45 
2 42 1 51 8 0 1 40 1 43 4 42 1 46 1 42 6 0 1 40 7 42 1 45 1 42 124 0 2 43 1 44 3 42 1 46 2 42 3 0 1 41 1 45 23 42 1 43 1 41 1 36 4 0 1 41 1 45 1 43 1 46 1 42 1 40 8 0 1 41 1 44 3 42 2 43 1 41 6 0 1 41 1 45 5 42 1 43 2 42 121 0 1 39 1 42 1 45 1 43 2 42 1 43 1 45 1 43 1 42 4 0 1 41 1 45 24 42 1 44 1 41 4 0 1 39 1 42 1 45 1 42 1 45 1 43 1 42 7 0 1 46 1 42 1 43 3 42 1 44 1 41 1 63 5 0 1 41 1 45 6 42 1 45 1 41 120 0 1 41 1 43 1 45 3 42 1 45 1 42 1 43 6 0 1 41 1 45 24 42 1 45 1 42 5 0 1 39 1 42 1 44 1 42 1 45 1 43 1 40 7 0 1 41 1 45 
4 42 1 45 1 43 5 0 1 40 1 41 1 43 5 42 1 45 1 41 118 0 1 39 1 42 1 45 1 43 2 42 1 43 1 45 1 42 1 39 7 0 1 41 1 45 24 42 1 43 1 41 1 51 5 0 1 41 1 45 2 42 1 45 1 42 1 45 6 0 1 45 1 43 4 42 1 44 
1 42 1 28 5 0 1 41 1 44 5 42 1 43 1 41 1 45 116 0 1 41 1 42 1 45 3 42 1 45 2 42 1 46 8 0 1 41 1 45 25 42 1 44 1 41 
6 0 1 40 1 45 2 42 1 45 1 41 7 0 1 41 1 44 4 42 1 45 1 41 5 0 1 41 1 45 6 42 1 44 1 42 114 0 1 40 1 41 2 44 2 42 1 43 1 45 1 42 1 43 10 0 1 41 1 45 25 42 1 45 1 41 6 0 1 44 1 41 1 43 2 42 1 45 1 41 6 0 1 40 1 44 4 42 1 44 1 41 5 0 1 43 1 41 6 42 1 45 1 41 113 0 
2 42 1 45 1 42 1 41 1 42 1 45 2 42 12 0 1 41 1 45 25 42 1 44 1 41 1 42 6 0 1 40 1 45 2 42 1 43 1 42 1 38 5 0 1 44 1 41 1 43 4 42 1 44 1 41 4 0 1 36 1 41 1 43 5 42 
1 43 1 41 1 25 110 0 1 40 1 43 1 45 1 43 2 42 1 44 
1 43 2 42 13 0 1 41 1 45 3 42 1 43 23 42 1 38 6 0 2 42 1 43 2 42 1 45 1 41 6 0 1 42 1 45 4 42 1 45 1 41 5 0 1 41 1 44 6 42 1 43 1 40 108 0 1 31 2 42 1 45 1 42 1 41 1 43 1 44 1 42 1 40 15 0 1 41 1 45 1 42 1 43 1 42 1 41 1 45 21 42 1 45 1 42 7 0 1 40 1 45 3 42 1 44 1 42 5 0 
1 42 1 44 4 42 1 43 1 41 1 45 4 0 1 42 1 45 6 42 1 44 1 41 106 0 1 51 1 42 1 43 1 45 1 43 1 42 1 43 1 45 2 42 17 0 1 42 1 45 1 42 1 44 1 39 2 42 1 45 20 42 1 45 1 41 7 0 2 43 3 42 1 45 1 40 5 0 1 45 1 41 1 43 4 42 1 43 1 42 4 0 1 40 7 42 1 45 1 41 105 0 1 41 1 42 1 44 1 43 2 42 1 45 2 42 1 44 18 0 1 42 1 45 1 42 1 45 1 42 1 0 1 36 1 42 1 45 19 42 1 43 
1 42 1 36 7 0 1 41 1 44 4 42 1 39 5 0 1 42 1 44 4 42 1 45 1 40 4 0 1 34 1 41 1 43 5 42 1 45 1 40 103 0 1 41 1 42 2 44 
2 42 2 44 1 42 1 38 20 0 1 40 1 45 1 42 1 45 
1 42 2 0 1 36 1 43 1 44 19 42 1 44 1 43 7 0 1 42 1 45 3 42 1 45 1 42 5 0 1 41 1 45 4 42 1 45 1 40 5 0 1 42 
1 44 5 42 1 45 1 41 101 0 1 41 1 42 2 44 2 42 1 43 1 45 2 43 22 0 1 39 2 42 1 44 1 42 3 0 1 40 
1 44 19 42 1 45 1 41 7 0 1 44 
1 41 1 43 2 42 1 43 1 41 1 56 4 0 1 42 1 43 4 42 1 44 1 42 5 0 1 41 1 45 5 42 1 45 1 41 98 0 1 28 1 43 1 42 1 43 1 45 3 42 1 45 1 43 1 42 1 39 23 0 1 49 1 41 1 43 1 44 1 42 1 51 3 0 1 42 1 45 18 42 1 44 1 42 8 0 1 41 1 44 5 42 4 0 1 44 1 41 1 43 3 42 1 43 1 41 1 31 4 0 1 40 1 44 5 42 1 45 1 41 96 0 1 46 1 43 1 42 1 45 1 44 3 42 1 43 1 44 1 42 1 43 25 0 1 40 1 41 2 43 1 41 1 47 3 0 1 44 1 42 1 43 17 42 1 43 1 41 1 40 7 0 1 42 1 45 3 42 1 45 1 42 5 0 1 42 1 44 5 42 1 37 4 0 1 38 1 44 5 42 1 45 1 41 94 0 1 40 1 41 1 43 
1 45 1 44 4 42 1 45 1 43 1 42 28 0 1 41 1 44 2 42 1 41 4 0 1 40 1 45 20 42 7 0 5 42 1 45 1 40 5 0 1 42 1 45 3 42 1 43 1 42 1 39 4 0 1 42 1 43 5 42 1 45 1 41 91 0 2 43 1 42 1 43 1 45 1 43 5 42 
1 45 1 42 1 41 29 0 1 41 1 45 1 42 1 45 1 41 4 0 1 41 19 42 1 44 1 42 7 0 1 36 1 41 1 43 2 42 1 44 1 41 5 0 1 42 1 44 5 42 1 39 
4 0 1 42 1 41 1 43 4 42 1 45 1 41 88 0 1 31 1 40 1 43 1 42 1 45 1 44 6 42 1 43 1 44 1 41 31 0 1 41 1 45 1 42 
1 45 1 41 5 0 1 41 1 44 17 42 1 45 1 41 8 0 1 41 1 45 2 42 1 43 1 42 1 40 4 0 1 42 1 44 3 42 1 43 1 41 1 38 4 0 1 40 
1 41 1 43 4 42 1 45 1 41 86 0 2 41 1 42 1 43 1 45 1 43 7 42 1 43 1 44 1 40 32 0 1 39 1 44 1 42 1 45 1 41 5 0 1 43 1 45 17 42 1 44 1 41 8 0 1 41 1 45 2 42 1 43 1 42 1 43 4 0 1 39 5 42 1 43 1 39 4 0 1 38 1 41 5 42 1 45 1 41 83 0 1 36 1 43 2 42 
1 45 1 43 9 42 1 43 1 42 1 41 33 0 1 43 2 42 1 44 1 41 1 85 4 0 1 42 1 41 1 43 
16 42 1 44 1 41 8 0 1 42 1 43 2 42 
1 43 1 42 1 40 4 0 1 51 1 41 1 43 3 42 1 45 1 41 4 0 1 51 1 41 1 44 4 42 1 45 1 41 81 0 1 40 2 42 1 44 1 45 1 43 11 42 1 44 1 42 34 0 1 36 1 41 2 43 1 42 1 43 5 0 1 42 1 45 16 42 1 43 1 42 1 45 7 0 1 45 1 41 3 42 1 45 1 43 4 0 1 51 1 41 1 44 3 42 1 45 1 41 5 0 1 41 1 45 4 42 1 45 1 41 79 0 1 44 1 42 1 41 1 45 1 43 13 42 
1 45 1 41 36 0 1 41 1 44 1 42 1 43 1 41 5 0 1 41 1 44 17 42 1 43 1 41 7 0 1 51 1 42 1 44 2 42 1 45 1 40 5 0 1 41 1 45 
3 42 1 45 1 42 5 0 1 41 1 45 4 42 1 45 1 41 77 0 1 42 1 41 1 43 1 45 16 42 1 43 1 40 36 0 1 42 1 45 1 42 1 44 1 42 5 0 2 42 1 43 16 42 1 44 1 43 7 0 1 85 1 42 1 44 2 42 1 45 1 43 5 0 1 42 1 45 3 42 1 44 1 42 
5 0 1 41 1 45 4 42 1 45 1 41 76 0 1 37 
1 42 1 45 5 42 1 40 1 41 10 42 1 44 1 41 37 0 1 42 1 44 
1 42 1 45 1 42 6 0 1 41 1 44 16 42 1 45 1 41 7 0 1 63 1 42 1 44 2 42 1 45 1 42 5 0 1 42 1 45 2 42 1 43 1 42 1 41 5 0 
1 41 1 45 4 42 1 45 1 41 73 0 1 42 1 39 1 40 1 43 1 45 5 42 1 41 1 40 11 42 1 45 1 41 37 0 1 44 1 41 1 43 1 44 1 42 6 0 1 41 1 45 16 42 1 44 1 41 7 0 1 63 1 42 1 44 2 42 1 45 1 42 5 0 1 42 1 45 4 42 1 39 5 0 1 41 1 45 4 42 1 45 1 41 70 0 1 36 1 41 1 43 1 42 1 39 1 43 1 44 6 42 1 30 1 130 1 73 1 36 
9 42 1 44 1 41 38 0 1 41 1 44 1 43 1 41 1 40 5 0 1 40 
1 45 16 42 1 45 1 41 7 0 1 63 1 42 1 44 3 42 1 43 5 0 1 41 1 45 2 42 1 43 1 42 1 37 5 0 1 41 1 45 4 42 1 45 1 42 68 0 1 46 2 42 1 46 1 44 2 41 1 45 1 41 5 42 1 36 1 59 1 237 1 102 1 30 9 42 1 44 1 42 38 0 1 41 1 45 2 42 1 43 5 0 1 43 1 44 16 42 1 44 1 41 1 51 6 0 1 63 1 42 1 44 1 42 1 43 1 42 1 44 5 0 1 42 1 45 2 42 1 43 1 41 1 36 5 0 1 41 1 45 4 42 1 44 1 41 66 0 1 39 
2 42 1 45 2 44 2 41 1 45 7 42 1 29 1 99 1 255 1 106 1 28 1 42 1 39 1 26 1 27 1 38 1 43 3 42 1 44 
1 42 38 0 1 41 1 44 1 42 1 45 1 41 5 0 1 43 1 44 17 42 1 41 1 40 6 0 1 63 1 41 1 44 1 42 1 43 1 42 1 40 5 0 1 42 1 45 
2 42 1 44 1 41 1 127 5 0 1 41 1 45 4 42 1 44 1 42 65 0 1 42 1 43 1 45 1 43 4 42 1 40 1 43 7 42 1 26 1 126 1 255 1 92 1 30 1 39 1 48 1 140 1 125 1 51 1 39 3 42 1 44 1 42 7 0 2 255 1 0 1 255 6 0 3 255 3 0 1 255 14 0 1 40 1 42 1 43 1 45 1 41 5 0 1 41 1 43 16 42 1 43 1 41 1 42 6 0 1 63 1 42 1 44 1 42 1 43 1 41 6 0 1 42 1 45 2 42 1 44 1 41 1 127 
5 0 1 41 1 45 6 42 63 0 1 41 1 42 2 44 3 42 1 44 1 42 1 40 1 44 7 42 1 41 1 30 1 184 1 255 1 93 1 30 1 26 1 114 2 255 1 159 1 27 3 42 1 44 1 45 7 0 1 255 1 0 
3 255 1 0 1 255 1 0 1 255 1 0 1 255 1 0 2 255 2 0 2 255 14 0 
1 41 1 44 1 43 1 41 5 0 1 40 1 41 1 43 15 42 1 43 1 41 1 44 
6 0 1 63 1 42 1 43 1 42 1 44 1 42 6 0 1 42 1 44 2 42 1 45 1 41 6 0 
1 41 1 45 3 42 1 43 1 41 1 36 62 0 1 39 1 43 1 45 3 42 1 41 1 42 1 45 2 41 1 44 7 42 1 37 
1 50 1 232 1 255 1 91 1 30 1 29 1 175 2 255 1 130 1 27 3 42 2 45 1 0 2 255 11 0 
1 255 1 0 2 255 1 0 2 255 2 0 2 255 14 0 1 40 1 44 1 43 1 41 1 42 
4 0 1 42 1 41 1 43 15 42 1 43 1 41 1 37 6 0 1 63 1 42 1 44 1 42 1 45 1 41 6 0 1 42 1 45 2 42 1 45 1 41 6 0 1 41 1 45 3 42 
1 44 1 41 62 0 1 41 1 42 1 45 2 42 2 41 2 42 1 44 1 43 1 41 1 44 2 42 1 41 1 38 1 34 1 26 1 25 1 15 1 73 1 255 1 237 1 45 1 15 
1 29 1 218 1 255 1 232 1 49 1 29 1 39 2 42 1 45 1 43 6 0 1 255 3 0 1 255 1 0 2 255 2 0 2 255 1 0 
2 255 2 0 1 255 15 0 1 44 1 42 1 43 1 44 1 42 4 0 1 39 
1 41 1 43 16 42 2 43 6 0 1 63 1 42 1 44 1 42 
1 44 1 41 6 0 1 42 1 45 2 42 1 43 1 40 6 0 1 41 1 45 3 42 1 45 1 42 62 0 1 42 
1 46 1 41 1 42 1 43 1 41 1 42 1 41 1 43 1 42 1 40 1 42 1 44 1 42 1 41 1 47 1 62 1 84 1 136 1 160 1 163 1 197 1 253 1 240 1 161 1 143 1 151 1 244 1 254 1 208 1 72 
1 57 1 43 1 38 1 42 1 45 1 41 6 0 1 255 3 0 1 255 1 0 2 255 1 0 3 255 1 0 2 255 2 0 1 255 
16 0 1 41 1 44 1 45 1 41 4 0 1 34 1 41 1 43 16 42 1 44 1 42 6 0 1 85 1 42 1 44 1 43 1 42 1 43 6 0 1 41 1 45 1 42 1 43 1 42 1 38 6 0 1 41 1 45 3 42 1 43 1 42 61 0 1 43 1 44 1 43 1 40 1 42 1 45 1 41 
1 46 1 41 1 44 1 41 1 43 1 41 1 43 1 42 1 39 1 69 1 133 1 182 1 227 1 249 2 255 1 251 4 255 1 252 1 253 2 255 1 244 1 229 1 94 1 31 1 44 
2 42 3 0 1 255 1 0 1 255 5 0 1 255 2 0 3 255 1 0 2 255 19 0 1 42 1 45 1 43 1 42 1 46 3 0 2 43 17 42 1 44 1 43 6 0 1 46 1 42 1 43 1 44 1 41 6 0 1 31 1 42 1 43 
1 42 1 44 1 42 7 0 1 41 1 45 2 42 1 43 2 40 61 0 1 41 1 46 1 41 1 38 1 41 1 45 1 42 1 46 1 42 1 44 1 42 1 43 
1 41 1 43 2 42 1 39 2 35 1 40 1 48 1 81 1 240 1 255 1 166 1 64 1 77 1 179 1 254 1 245 1 189 1 212 1 231 1 200 1 64 1 36 2 43 1 39 3 0 
2 255 5 0 2 255 4 0 3 255 20 0 1 40 2 42 1 43 1 39 3 0 1 41 1 44 17 42 1 44 1 40 6 0 1 40 2 42 1 45 1 42 6 0 1 51 1 41 1 43 1 42 1 45 1 40 6 0 1 31 1 42 1 44 2 42 1 44 1 42 62 0 1 41 1 45 1 41 1 46 1 41 1 45 1 42 1 44 1 41 1 44 1 42 1 43 1 36 1 33 1 29 3 26 1 25 1 24 1 6 1 87 1 255 1 252 1 78 1 8 1 12 1 185 1 255 1 195 1 25 1 39 1 48 1 35 1 37 1 43 1 42 1 45 1 42 16 0 3 255 21 0 1 41 1 44 1 45 1 40 3 0 1 41 1 44 17 42 1 44 1 43 
6 0 1 40 2 43 1 42 1 41 6 0 1 41 1 43 1 42 1 43 1 42 1 38 6 0 1 40 
1 42 1 43 2 42 1 44 1 41 61 0 1 34 1 41 1 45 1 41 1 42 1 41 1 45 1 42 1 44 1 42 1 44 1 42 1 35 1 69 1 97 1 122 1 145 1 165 1 169 1 162 1 153 1 132 1 189 
1 254 1 241 1 101 1 66 1 89 1 243 1 255 1 117 1 11 1 24 1 36 1 41 3 42 1 43 1 41 1 39 1 0 1 255 37 0 1 43 1 45 1 44 
1 41 3 0 1 42 1 44 17 42 1 44 1 40 6 0 1 42 1 45 1 44 1 41 7 0 1 39 1 44 1 42 1 44 1 42 7 0 1 40 1 42 1 43 1 42 1 43 2 41 61 0 1 36 1 41 1 45 1 40 1 63 1 41 1 45 1 42 1 40 1 41 1 44 1 42 1 34 1 61 1 79 1 111 1 158 1 194 1 213 1 239 3 255 1 251 3 255 1 248 
2 253 1 207 1 173 1 133 1 51 1 39 4 42 1 45 1 41 10 0 1 255 6 0 
2 255 20 0 1 43 1 42 1 43 1 42 1 44 2 0 1 40 
1 45 17 42 1 44 1 40 6 0 1 41 2 45 1 41 
7 0 1 41 1 45 1 42 1 45 1 41 7 0 1 41 1 43 2 42 1 44 1 41 62 0 1 37 1 41 1 44 
1 41 1 44 1 42 1 45 1 41 1 56 1 41 1 45 1 41 1 39 2 37 1 30 1 26 1 29 1 35 1 49 1 53 1 113 1 252 1 254 1 223 1 203 1 229 1 252 1 253 4 255 
1 77 1 32 1 42 2 43 1 44 1 43 1 42 1 47 3 0 1 255 1 0 1 255 3 0 1 255 1 0 1 255 2 0 5 255 20 0 1 40 2 45 1 42 2 0 1 41 1 44 17 42 1 44 1 41 5 0 1 42 1 41 1 45 1 41 1 51 7 0 1 41 1 44 1 43 1 41 1 42 7 0 1 41 1 44 2 42 1 45 1 40 62 0 1 37 1 41 1 44 1 41 2 42 1 45 1 41 
1 63 1 41 1 45 2 43 1 42 1 44 2 42 1 41 1 40 1 38 1 19 1 142 2 255 1 100 1 15 1 80 1 249 1 252 1 124 1 110 1 135 1 102 1 37 1 41 1 42 1 43 1 42 
1 43 1 42 1 45 1 42 1 85 2 0 2 255 6 0 1 255 1 0 3 255 2 0 1 255 1 0 2 255 17 0 1 42 2 44 1 41 1 85 1 63 1 41 1 44 17 42 1 43 1 42 5 0 1 43 1 41 1 46 1 40 7 0 1 51 1 40 1 43 1 45 
1 41 8 0 1 41 1 45 1 42 1 43 1 42 1 38 62 0 1 35 1 41 1 43 1 42 2 41 1 45 3 42 1 45 1 44 1 41 
1 40 1 44 4 42 1 41 1 27 1 182 1 255 1 233 1 49 1 18 1 127 1 255 1 193 1 23 1 25 1 26 1 30 3 42 1 43 4 42 1 45 1 44 
8 0 1 255 1 0 1 255 3 0 4 255 1 0 2 255 17 0 1 56 1 41 1 44 1 43 1 41 1 45 1 41 1 43 16 42 1 43 1 41 1 38 5 0 1 41 1 46 1 42 1 31 7 0 2 42 1 43 1 42 1 43 8 0 1 41 1 44 1 42 1 45 1 41 63 0 1 42 1 41 1 43 1 45 1 42 1 43 1 45 1 44 1 42 1 39 1 44 1 45 2 40 1 45 5 42 1 32 1 93 1 221 1 140 1 26 1 34 1 201 1 255 1 104 1 26 8 42 2 43 2 42 1 44 1 43 1 42 6 0 1 255 6 0 2 255 3 0 1 255 18 0 1 42 1 44 1 45 1 40 1 41 1 44 17 42 1 43 1 41 1 39 
5 0 1 41 1 48 1 40 8 0 1 41 2 45 1 41 8 0 1 47 1 41 
1 43 1 42 1 43 1 41 64 0 1 41 2 44 1 41 1 43 1 42 1 45 2 40 1 41 1 44 1 41 2 43 6 42 1 32 1 46 
1 40 1 30 1 78 1 255 1 197 1 40 1 39 6 42 1 43 1 42 1 43 4 42 1 46 1 43 1 41 12 0 1 255 3 0 2 255 18 0 1 25 
1 42 1 44 2 41 1 43 17 42 1 44 1 42 1 46 4 0 1 45 
1 43 1 41 1 85 8 0 1 41 1 45 2 43 8 0 1 42 1 43 1 42 1 44 1 41 1 85 64 0 1 42 1 45 1 42 1 44 1 40 1 41 1 45 1 42 1 46 1 41 1 44 2 42 1 41 7 42 1 38 1 40 1 24 1 161 1 252 1 81 
1 31 9 42 1 43 5 42 2 44 1 42 1 43 1 41 1 40 1 42 1 49 1 51 1 42 1 36 28 0 1 41 1 45 1 42 1 43 18 42 1 45 1 41 5 0 1 42 1 47 1 40 8 0 1 45 1 41 1 47 1 41 9 0 1 41 1 45 1 42 1 45 1 40 65 0 1 41 1 42 
1 43 1 44 2 42 1 44 1 45 1 41 1 42 2 45 2 41 1 44 7 42 1 37 1 51 1 228 1 121 1 41 1 40 7 42 2 43 1 44 6 42 1 43 1 45 1 46 1 44 5 42 3 41 1 42 1 43 4 42 
1 39 1 41 1 42 17 0 1 36 1 42 1 43 19 42 1 45 1 41 5 0 1 42 1 41 9 0 
1 41 1 45 1 43 1 46 9 0 1 41 1 45 1 44 1 41 1 51 66 0 1 41 1 46 3 42 1 41 
1 44 1 41 1 45 1 42 1 44 2 41 1 43 7 42 1 28 1 124 1 173 1 43 1 41 23 42 3 44 1 43 1 44 7 45 1 41 1 42 2 41 1 42 
1 41 2 42 1 44 1 46 11 0 1 40 1 45 19 42 1 45 1 40 4 0 2 41 1 46 9 0 1 42 1 48 1 41 9 0 1 46 1 41 1 43 1 45 1 42 67 0 2 42 1 46 2 43 2 42 1 44 1 42 1 41 1 44 
1 43 2 41 1 43 6 42 1 34 1 122 1 71 1 36 1 41 17 42 1 43 9 44 1 43 1 42 1 43 6 42 2 43 2 44 2 45 1 44 1 41 3 42 1 41 1 36 7 0 1 37 1 42 1 43 18 42 1 45 1 40 4 0 2 41 9 0 1 40 1 43 1 42 1 51 9 0 1 41 2 44 1 41 1 63 69 0 2 42 1 46 1 44 2 42 1 43 3 42 2 41 7 42 1 43 1 42 1 36 18 42 1 43 1 41 1 42 1 41 
3 42 2 40 5 41 1 43 4 45 2 44 1 43 6 42 1 43 1 44 1 45 1 44 1 41 1 42 
1 41 1 40 1 42 4 0 1 42 1 45 18 42 2 43 4 0 1 42 10 0 1 42 1 46 1 41 10 0 1 41 1 45 1 44 
1 42 71 0 1 37 1 42 1 41 1 43 2 45 1 44 4 43 1 42 2 43 5 42 1 40 11 42 1 41 6 42 1 43 1 42 1 41 9 0 1 38 1 44 1 41 1 40 2 42 1 41 1 42 1 41 2 42 1 43 3 45 1 44 1 43 4 42 1 43 1 44 1 45 1 43 2 42 1 41 
1 45 1 0 1 51 1 42 1 43 16 42 1 43 1 41 1 48 15 0 1 42 1 41 10 0 1 42 1 41 1 46 1 41 74 0 1 28 3 41 1 42 2 41 1 43 2 44 1 41 1 42 1 45 1 44 4 43 11 42 1 41 6 42 1 44 1 41 19 0 1 51 1 39 1 41 1 42 1 41 1 42 2 41 1 42 1 44 1 45 1 44 1 43 3 42 1 43 1 45 1 44 1 42 1 41 1 40 1 42 1 44 
16 42 1 44 1 41 15 0 1 38 1 41 1 39 10 0 1 41 1 44 1 43 1 41 78 0 1 31 1 47 1 42 2 41 1 45 1 44 1 42 1 41 1 42 4 41 1 43 1 45 1 44 15 42 1 44 1 42 26 0 1 42 1 41 1 43 4 41 2 45 1 44 2 42 1 43 1 45 1 42 1 41 17 42 1 45 1 41 15 0 1 43 1 40 
11 0 1 41 1 48 1 41 89 0 1 42 1 37 1 40 1 42 1 40 2 41 1 45 1 42 1 41 6 42 1 41 
5 42 1 44 1 41 31 0 1 42 1 41 1 40 1 41 1 42 1 41 1 44 1 45 1 43 3 42 2 41 1 42 1 41 4 42 1 41 8 42 1 41 27 0 1 45 2 43 1 45 95 0 2 42 1 44 1 43 1 41 1 42 1 41 9 42 
1 44 1 41 36 0 1 45 2 42 1 41 1 43 1 45 1 43 15 42 
1 44 1 41 28 0 
1 42 1 48 1 42 98 0 1 42 1 43 1 42 1 41 2 42 5 41 1 42 2 41 1 43 1 41 1 34 38 0 2 42 1 41 1 42 2 44 3 42 1 41 2 42 1 41 3 42 1 41 1 42 1 41 1 45 1 41 28 0 1 41 1 42 100 0 1 40 1 44 1 42 3 41 1 42 2 41 3 42 1 41 1 42 1 43 1 40 41 0 1 85 1 41 1 42 2 44 1 42 2 41 2 42 1 41 1 42 2 41 1 42 1 43 1 42 1 47 27 0 2 41 1 43 101 0 1 40 1 45 1 42 1 41 3 42 3 41 1 42 2 41 1 45 1 40 44 0 1 41 1 42 1 45 1 43 1 41 1 42 1 41 5 42 1 44 1 42 28 0 1 42 1 39 102 0 1 42 1 41 
1 43 6 42 1 41 1 42 1 41 1 42 1 43 1 41 1 63 44 0 1 63 1 42 
1 41 1 45 1 43 2 42 1 41 2 42 1 46 1 41 134 0 1 42 1 45 5 42 1 41 6 42 1 41 46 0 1 37 1 43 1 42 1 45 2 44 1 45 1 43 1 42 1 39 134 0 1 38 2 42 10 41 1 45 1 41 48 0 2 41 1 43 1 42 1 41 1 42 137 0 1 41 1 44 3 41 2 42 5 41 1 44 1 41 191 0 1 41 1 43 5 42 2 41 3 42 1 43 1 41 1 45 190 0 1 63 1 41 1 43 2 42 2 41 4 42 1 41 1 42 1 44 1 40 191 0 1 41 1 44 2 42 2 41 3 42 3 41 2 42 1 40 190 0 1 41 1 44 3 42 4 41 3 42 1 41 1 44 1 42 1 39 189 0 1 43 1 41 1 43 3 41 1 42 7 41 1 45 1 41 1 28 189 0 1 41 1 44 4 42 2 41 2 42 2 41 2 42 1 44 1 42 189 0 1 41 1 45 9 42 2 41 1 42 1 44 1 39 189 0 1 41 1 43 1 42 6 41 2 42 2 41 1 42 1 44 1 40 189 0 2 40 1 43 1 41 1 42 7 41 2 42 1 44 1 40 190 0 1 42 1 44 
1 42 1 41 2 42 1 41 5 42 1 41 2 43 1 41 189 0 1 41 1 45 3 41 1 42 1 41 
1 42 6 41 1 44 1 42 1 34 188 0 1 41 1 43 1 42 2 41 2 42 2 41 4 42 2 41 1 45 1 40 188 0 1 34 1 40 1 43 13 42 1 43 
1 44 188 0 1 41 1 45 1 41 1 42 1 41 2 42 2 41 2 42 1 41 1 42 2 41 1 45 1 40 188 0 1 40 1 43 4 42 1 41 2 42 1 41 1 42 1 41 3 42 1 45 1 42 189 0 
1 41 1 44 1 42 3 41 2 42 2 41 1 42 1 41 4 42 189 0 1 40 1 44 1 42 2 41 
1 42 1 41 1 42 2 41 2 42 1 41 1 44 1 41 1 85 190 0 1 41 1 46 3 41 1 42 1 41 3 42 2 41 1 44 1 41 191 0 2 42 1 45 1 42 1 41 3 42 2 41 1 42 1 41 1 42 1 43 
1 42 191 0 1 40 1 42 1 45 1 44 1 42 7 41 1 43 1 41 1 46 192 0 1 41 2 43 1 45 1 44 2 43 1 42 1 43 1 42 1 44 1 46 1 41 194 0 8 41 1 42 1 40 1 36 198 0 1 51 2 36 1 51 3200 0 
