273
5
1 4 7 4 1
4 16 26 16 4
7 27 41 26 7
4 16 26 16 4
1 4 7 4 1
225 225
8916 255 1 236 1 208 1 184 1 169 1 152 2 146 1 152 1 159 1 176 1 202 1 231 209 255 1 208 1 146 1 82 14 0 1 49 1 126 1 190 1 245 201 255 1 195 1 105 
22 0 1 76 1 169 1 248 195 255 1 245 1 146 28 0 1 107 1 217 33 255 1 202 1 195 156 255 1 245 1 126 32 0 1 76 1 217 29 255 1 236 1 90 
1 0 1 248 155 255 1 152 36 0 1 105 1 245 25 255 1 236 1 118 2 0 1 107 154 255 1 217 1 32 39 0 1 169 22 255 1 231 1 118 4 0 
1 217 62 255 1 231 1 195 89 255 1 146 42 0 1 76 1 248 18 255 1 202 1 82 5 0 1 49 63 255 1 105 1 0 1 236 86 255 1 248 1 76 45 0 1 217 14 255 1 236 1 159 1 32 7 0 1 202 
62 255 1 231 3 0 1 248 84 255 1 231 48 0 1 184 10 255 1 248 1 176 1 76 9 0 1 76 63 255 1 118 3 0 1 49 83 255 1 217 50 0 1 159 6 255 1 227 1 169 1 76 12 0 1 217 62 255 1 245 5 0 1 82 81 255 1 217 
52 0 1 152 1 255 1 227 1 176 1 118 15 0 1 126 63 255 1 159 6 0 1 107 79 255 1 231 73 0 64 255 1 32 7 0 1 126 77 255 1 245 73 0 1 208 63 255 1 227 9 0 1 133 76 255 1 49 72 0 1 152 64 255 
1 159 10 0 1 133 74 255 1 126 72 0 1 90 65 255 1 76 11 0 1 126 72 255 1 202 72 0 1 49 66 255 
13 0 1 118 71 255 72 0 1 49 13 255 1 245 52 255 1 217 14 0 1 90 
69 255 1 126 71 0 1 49 12 255 1 190 1 76 1 248 52 255 1 176 
15 0 1 76 67 255 1 231 71 0 1 76 10 255 1 217 1 133 2 0 1 217 53 255 1 146 16 0 1 32 1 236 65 255 1 90 70 0 1 126 8 255 1 217 1 146 
1 32 3 0 1 152 54 255 1 105 
18 0 1 217 63 255 1 227 70 0 1 184 5 255 1 236 1 190 1 118 6 0 1 76 55 255 1 76 19 0 1 176 62 255 1 107 68 0 1 82 1 248 2 255 1 217 1 176 1 118 1 32 9 0 1 248 55 255 1 32 
20 0 1 126 60 255 1 245 68 0 
1 49 1 152 1 105 1 32 13 0 1 227 56 255 22 0 1 49 1 245 58 255 1 159 84 0 1 190 57 255 24 0 1 195 57 255 1 49 83 0 1 152 58 255 25 0 1 126 55 255 1 236 83 0 1 126 
59 255 1 32 
25 0 1 32 1 227 53 255 1 169 82 0 1 105 60 255 1 49 27 0 1 146 52 255 1 105 81 0 1 90 61 255 1 90 
28 0 1 32 1 217 
50 255 81 0 1 90 62 255 1 126 30 0 1 118 48 255 1 236 80 0 1 107 63 255 1 159 
32 0 1 176 46 255 1 202 79 0 1 126 64 255 1 202 33 0 1 49 1 208 44 255 1 169 78 0 1 159 65 255 1 245 
35 0 1 90 1 227 42 255 1 133 77 0 1 195 67 255 1 32 36 0 1 107 1 231 40 255 1 107 76 0 1 227 68 255 
1 126 38 0 1 107 1 227 38 255 1 90 74 0 1 82 70 255 1 195 40 0 1 90 1 208 36 255 1 76 73 0 1 159 72 255 42 0 1 49 1 184 34 255 1 76 73 0 1 248 72 255 1 118 44 0 1 146 1 231 31 255 1 82 73 0 1 236 72 255 1 208 46 0 1 76 1 176 1 248 28 255 1 90 73 0 1 231 73 255 1 49 48 0 1 90 1 190 26 255 1 118 73 0 1 227 73 255 1 184 51 0 1 90 1 176 1 236 22 255 1 146 73 0 1 227 74 255 1 32 53 0 1 32 1 133 1 195 1 248 18 255 1 176 73 0 1 227 74 255 1 190 57 0 1 49 1 126 1 184 1 227 14 255 1 208 73 0 1 231 75 255 1 49 61 0 1 76 1 126 1 169 1 202 1 236 8 255 1 248 73 0 1 236 75 255 1 227 67 0 1 32 1 82 1 118 1 146 1 169 1 184 1 202 1 217 1 32 72 0 1 245 76 255 1 146 147 0 78 255 1 49 146 0 78 255 1 245 146 0 79 255 1 208 144 0 1 49 80 255 1 184 143 0 1 76 81 255 1 169 142 0 1 107 70 255 1 208 1 49 1 217 9 255 1 176 141 0 1 146 70 255 1 227 2 0 1 76 1 195 8 255 1 195 140 0 1 169 70 255 1 231 5 0 1 133 1 217 6 255 1 217 139 0 1 195 70 255 1 245 8 0 1 118 1 176 1 217 4 255 1 90 137 0 1 227 71 255 12 0 1 32 1 90 1 118 1 152 
1 49 136 0 72 255 1 32 
152 0 72 255 1 105 151 0 1 90 72 255 1 152 
151 0 1 146 72 255 1 202 151 0 1 184 72 255 1 248 
151 0 1 227 73 255 1 76 150 0 74 255 
1 159 149 0 
1 82 74 255 1 231 149 0 1 146 75 255 1 76 148 0 
1 202 75 255 1 184 148 0 1 248 76 255 147 0 1 49 
77 255 1 159 146 0 1 146 78 255 146 0 1 208 
78 255 1 176 145 0 80 255 1 49 143 0 1 105 80 255 1 227 143 0 1 184 81 255 1 152 142 0 1 248 82 255 1 76 140 0 1 82 83 255 1 248 140 0 1 176 84 255 1 227 139 0 1 248 85 255 1 208 137 0 1 90 87 255 1 202 136 0 1 195 88 255 1 208 135 0 90 255 1 227 133 0 1 133 91 255 1 248 1 76 131 0 1 231 93 255 1 152 
129 0 1 76 95 255 1 227 1 49 127 0 1 195 97 255 1 176 126 0 100 255 1 169 123 0 1 169 102 255 1 190 1 76 120 0 105 255 1 236 1 169 1 76 116 0 1 146 109 255 1 152 114 0 1 248 93 255 1 236 1 76 1 146 1 176 1 195 1 208 1 217 1 227 2 217 1 202 1 184 1 152 1 118 1 49 115 0 1 146 95 255 1 49 128 0 1 248 95 255 1 176 127 0 1 152 97 255 127 0 98 255 1 146 125 0 1 176 98 255 1 248 124 0 1 32 100 255 1 146 123 0 1 202 101 255 
122 0 1 90 102 255 1 190 121 0 1 236 103 255 1 90 119 0 1 159 104 255 1 248 118 0 1 49 106 255 1 217 117 0 
1 227 107 255 1 169 115 0 1 146 109 255 1 133 113 0 1 49 111 255 1 118 112 0 1 231 112 255 1 118 110 0 1 169 114 255 1 146 108 0 1 90 116 255 1 184 107 0 118 255 1 227 1 32 104 0 1 227 120 255 1 126 102 0 1 176 122 255 1 217 1 49 99 0 1 126 125 255 1 184 97 0 1 76 128 255 1 184 1 49 93 0 1 32 131 255 1 217 1 126 91 0 1 245 134 255 1 208 1 146 1 76 86 0 1 227 139 255 1 227 1 190 1 159 1 133 2 107 78 0 1 217 145 255 1 118 77 0 1 202 144 255 1 227 1 32 
77 0 1 195 144 255 1 152 78 0 1 195 143 255 1 231 1 49 78 0 1 202 143 255 1 146 79 0 1 208 
142 255 1 195 80 0 1 217 141 255 1 217 1 76 80 0 1 236 140 255 1 227 1 105 80 0 1 49 1 248 139 255 1 217 1 105 81 0 1 105 139 255 1 195 1 76 82 0 1 159 137 255 1 236 1 152 84 0 1 208 135 255 1 248 1 176 1 76 84 0 1 76 1 245 133 255 1 231 1 169 1 76 86 0 1 146 131 255 1 231 1 184 1 126 1 32 88 0 1 217 126 255 1 245 1 217 1 184 1 146 1 90 91 0 1 118 109 255 1 245 1 133 1 82 1 126 1 146 1 159 1 169 1 176 2 184 2 176 1 169 1 159 1 146 1 118 1 90 1 49 96 0 
1 208 112 255 1 202 109 0 1 146 116 255 1 159 105 0 1 76 1 231 118 255 1 248 1 118 101 0 1 32 1 195 122 255 1 231 1 90 98 0 1 169 126 255 
1 217 1 90 94 0 1 159 130 255 1 227 1 105 90 0 1 159 134 255 1 236 1 126 85 0 1 32 1 176 138 255 1 248 1 169 1 32 80 0 1 90 1 202 143 255 1 208 1 105 76 0 1 152 1 236 147 255 1 248 1 176 1 76 70 0 1 118 1 208 153 255 1 236 1 169 1 76 64 0 1 118 1 202 159 255 1 245 1 184 1 105 57 0 1 49 1 146 1 208 166 255 1 217 1 159 1 90 49 0 1 49 1 133 1 190 1 245 173 255 1 227 1 176 1 126 1 49 39 0 1 32 1 107 1 159 1 208 1 248 182 255 
1 231 1 195 1 159 1 126 1 76 1 32 26 0 1 76 1 118 1 152 1 190 1 217 195 255 1 236 1 217 1 202 1 184 1 169 1 159 11 146 1 159 1 176 1 190 1 208 1 227 1 236 8909 255 
8916 255 1 247 1 235 1 224 1 218 1 212 2 208 1 212 1 214 1 221 1 232 1 245 209 255 1 235 1 208 1 188 1 168 1 165 3 168 4 170 3 168 2 165 1 180 1 202 1 227 1 251 201 255 1 229 1 195 
2 168 2 170 15 172 1 170 1 168 1 165 1 186 1 218 1 252 195 255 1 251 1 208 1 170 1 168 1 170 23 172 1 168 1 165 1 196 1 239 33 255 1 232 1 229 156 255 1 251 1 202 1 165 1 170 28 172 1 170 1 165 1 186 1 239 29 255 1 247 1 190 
1 158 1 252 155 255 1 212 1 165 1 170 32 172 1 170 1 165 1 195 1 251 25 255 1 247 1 199 1 165 1 168 1 196 154 255 1 239 1 176 1 168 36 172 1 170 
1 165 1 218 22 255 1 245 1 199 1 165 1 170 1 172 1 165 
1 239 62 255 1 245 1 229 89 255 1 208 1 165 40 172 1 168 1 186 1 252 18 255 1 232 1 188 1 165 1 170 3 172 1 180 63 255 1 195 1 164 1 247 86 255 1 252 1 186 1 168 42 172 2 170 1 239 14 255 1 247 1 214 1 176 1 168 1 170 4 172 1 165 1 232 
62 255 1 245 1 165 2 172 1 252 84 255 1 245 1 172 1 170 45 172 1 164 1 224 10 255 1 252 1 221 1 186 1 165 1 170 7 172 1 186 63 255 1 199 1 170 1 172 1 170 1 180 83 255 1 239 1 168 48 172 1 165 1 214 6 255 1 243 1 218 1 186 1 165 1 168 1 170 8 172 1 165 1 239 62 255 1 251 1 165 3 172 1 170 1 188 81 255 1 239 
1 165 50 172 1 165 1 212 1 255 1 243 1 221 1 199 1 172 1 165 1 168 
11 172 1 170 1 202 63 255 1 214 1 168 4 172 1 168 1 196 79 255 1 245 1 168 52 172 1 170 1 168 1 165 1 168 1 170 15 172 64 255 1 176 6 172 1 168 1 202 77 255 1 251 1 170 71 172 1 164 1 235 63 255 1 243 1 165 7 172 1 168 1 204 76 255 1 180 1 170 70 172 1 168 1 212 64 255 
1 214 1 170 8 172 1 165 1 204 74 255 1 202 1 168 70 172 1 170 1 190 65 255 1 186 1 170 9 172 1 168 1 202 72 255 1 232 1 165 70 172 1 170 1 180 66 255 
1 165 11 172 1 168 1 199 71 255 1 170 70 172 1 170 1 180 13 255 1 251 52 255 1 239 1 165 12 172 1 168 1 190 
69 255 1 202 1 170 69 172 1 170 1 180 12 255 1 227 1 186 1 252 52 255 1 221 
1 168 13 172 1 170 1 186 67 255 1 245 1 165 69 172 1 168 1 186 10 255 1 239 1 204 1 170 1 158 1 239 53 255 1 208 1 170 14 172 
1 170 1 176 1 247 65 255 1 190 1 170 68 172 1 165 1 202 8 255 1 239 1 208 
1 176 1 165 1 170 1 168 1 212 54 255 1 195 
1 170 16 172 1 170 1 239 63 255 1 243 1 165 67 172 1 170 1 165 1 224 5 255 1 247 1 227 1 199 1 172 1 165 1 170 2 172 1 170 1 186 55 255 1 186 18 172 1 165 1 221 62 255 1 196 1 170 66 172 1 170 1 188 1 252 2 255 1 239 1 221 1 199 1 176 1 165 1 168 1 170 6 172 1 252 55 255 1 176 
19 172 1 165 1 202 60 255 1 251 1 165 67 172 
1 180 1 212 1 195 1 176 1 165 2 168 1 170 8 172 1 165 1 243 56 255 21 172 1 168 1 180 1 251 58 255 1 214 1 168 68 172 2 170 12 172 
1 164 1 227 57 255 22 172 1 170 1 168 1 229 57 255 1 180 82 172 1 165 1 212 58 255 24 172 1 165 1 202 55 255 1 247 1 165 81 172 1 168 1 202 
59 255 1 176 
24 172 1 168 1 176 1 243 53 255 1 218 1 168 80 172 1 168 1 195 60 255 1 180 26 172 1 165 1 208 52 255 1 195 1 170 79 172 1 168 1 190 61 255 1 190 
1 170 26 172 1 168 1 176 1 239 
50 255 1 170 79 172 1 168 1 190 62 255 1 202 1 168 28 172 1 165 1 199 48 255 1 247 1 165 78 172 1 168 1 196 63 255 1 214 
1 168 29 172 
2 170 1 221 46 255 1 232 1 168 77 172 1 165 1 202 64 255 1 232 1 168 31 172 1 168 1 180 1 235 44 255 1 218 1 168 76 172 1 165 1 214 65 255 1 251 
1 165 33 172 1 165 1 190 1 243 42 255 1 204 1 170 75 172 1 165 1 229 67 255 1 176 34 172 1 170 1 165 1 196 1 245 40 255 1 196 1 170 73 172 1 170 1 172 1 243 68 255 
1 202 1 168 35 172 1 170 1 165 1 196 1 243 38 255 1 190 1 170 72 172 1 168 1 188 70 255 1 229 1 168 37 172 1 170 1 165 1 190 1 235 36 255 1 186 72 172 1 170 1 214 72 255 1 168 39 172 1 170 1 165 1 180 1 224 34 255 1 186 72 172 1 165 1 252 72 255 1 199 1 170 41 172 1 168 
1 170 1 208 1 245 31 255 1 188 1 170 71 172 1 165 1 247 72 255 1 235 1 165 43 172 1 170 1 165 1 186 1 221 1 252 28 255 1 190 1 170 71 172 1 165 1 245 73 255 1 180 46 172 1 168 1 165 1 190 1 227 26 255 1 199 1 170 71 172 1 165 1 243 73 255 1 224 1 168 47 172 1 170 1 168 1 165 1 190 1 221 1 247 22 255 1 208 1 170 71 172 1 165 1 243 74 255 1 176 50 172 1 170 1 168 1 165 1 176 1 204 1 229 1 252 18 255 1 221 1 168 71 172 1 165 1 243 74 255 1 227 1 165 53 172 1 170 1 168 
1 165 1 180 1 202 1 224 1 243 14 255 1 235 1 168 71 172 1 165 1 245 75 255 1 180 57 172 1 170 1 168 1 165 1 168 1 186 1 202 1 218 1 232 1 247 8 255 1 252 1 165 71 172 1 165 1 247 75 255 1 243 1 164 61 172 3 168 2 165 1 176 1 188 1 199 1 208 1 218 1 224 1 232 1 239 1 176 71 172 1 165 1 251 76 255 1 208 1 168 66 172 3 170 4 168 72 172 1 165 78 255 1 180 1 170 144 172 1 168 78 255 1 251 1 168 144 172 1 170 79 255 1 235 1 164 143 172 1 180 80 255 1 224 1 164 142 172 1 186 81 255 1 218 1 165 140 172 1 170 1 196 70 255 1 235 1 180 1 239 9 255 1 221 1 164 139 172 1 170 1 208 70 255 1 243 2 165 1 186 1 229 8 255 1 229 1 165 138 172 1 168 1 218 70 255 1 245 1 165 2 172 1 168 1 172 1 204 1 239 6 255 1 239 1 172 1 170 
136 172 1 168 1 229 70 255 1 251 1 165 
4 172 1 170 1 165 1 170 1 199 1 221 1 239 4 255 1 190 1 170 135 172 1 165 1 243 71 255 1 165 7 172 1 170 1 168 2 165 1 176 1 190 1 199 1 212 
1 180 135 172 1 165 72 255 1 176 
12 172 3 170 137 172 72 255 1 195 1 170 149 172 1 170 1 190 72 255 1 212 
1 170 149 172 
1 170 1 208 72 255 1 232 1 168 149 172 1 168 1 224 72 255 1 252 
1 165 149 172 
1 165 1 243 73 255 1 186 149 172 1 168 74 255 
1 214 1 170 147 172 1 170 
1 188 74 255 1 245 1 165 147 172 1 170 1 208 75 255 1 186 147 172 1 168 
1 232 75 255 1 224 1 168 146 172 1 165 1 252 76 255 1 170 146 172 1 180 
77 255 1 214 1 168 144 172 1 170 1 208 78 255 1 170 144 172 1 168 1 235 
78 255 1 221 1 168 143 172 1 168 80 255 1 180 142 172 1 170 1 195 80 255 1 243 1 164 141 172 1 168 1 224 81 255 1 212 1 168 140 172 1 165 1 252 82 255 1 186 1 170 138 172 1 170 1 188 83 255 1 252 139 172 1 168 1 221 84 255 1 243 1 165 137 172 1 165 1 252 85 255 1 235 1 164 135 172 1 170 1 190 87 255 1 232 1 165 134 172 1 168 1 229 88 255 1 235 1 165 133 172 1 170 90 255 1 243 1 172 1 170 130 172 1 170 1 204 91 255 1 252 1 186 1 168 129 172 1 165 1 245 93 255 1 212 
1 165 127 172 1 170 1 186 95 255 1 243 1 180 1 168 125 172 1 168 1 229 97 255 1 221 1 172 1 168 124 172 100 255 1 218 1 172 1 168 120 172 1 168 1 218 102 255 1 227 1 186 1 165 1 168 117 172 1 168 105 255 1 247 1 218 1 186 1 165 1 170 113 172 1 170 1 208 109 255 1 212 113 172 1 168 1 252 93 255 1 247 1 186 1 208 1 221 1 229 1 235 1 239 1 243 2 239 1 232 1 224 1 212 1 199 1 180 1 165 1 170 112 172 1 170 1 208 95 255 1 180 5 168 1 165 4 168 2 170 115 172 1 168 1 252 95 255 1 221 1 168 125 172 1 168 1 212 97 255 1 168 125 172 1 170 98 255 1 208 1 170 123 172 1 168 1 221 98 255 1 252 1 165 
123 172 1 176 100 255 1 208 1 168 121 172 1 165 1 232 101 255 
1 170 120 172 1 170 1 190 102 255 1 227 1 165 119 172 1 165 1 247 103 255 1 190 1 168 117 172 
1 168 1 214 104 255 1 252 1 170 117 172 1 180 106 255 1 239 1 164 115 172 1 165 
1 243 107 255 1 218 1 165 113 172 1 168 1 208 109 255 1 204 1 168 112 172 1 180 111 255 1 199 1 168 110 172 1 165 1 245 112 255 1 199 1 165 108 172 1 165 1 218 114 255 1 208 1 165 106 172 1 170 1 190 116 255 1 224 1 165 106 172 118 255 1 243 1 176 1 168 102 172 1 165 1 243 120 255 1 202 1 165 100 172 1 165 1 221 122 255 1 239 1 180 1 168 
97 172 1 168 1 202 125 255 1 224 1 172 1 168 94 172 1 170 1 186 128 255 1 224 1 180 1 165 1 168 91 172 1 176 131 255 1 239 1 202 1 170 1 168 1 170 87 172 1 170 1 251 134 255 1 235 1 208 1 186 2 165 1 168 4 170 78 172 1 165 1 243 139 255 1 243 1 227 1 214 1 204 2 196 77 172 1 165 1 239 145 255 1 199 1 170 75 172 1 164 1 232 144 255 1 243 1 176 
1 170 75 172 1 165 1 229 144 255 1 212 1 165 76 172 
1 164 1 229 143 255 1 245 1 180 1 168 76 172 1 165 1 232 143 255 1 208 1 165 77 172 1 165 1 235 
142 255 1 229 1 172 1 168 77 172 1 168 1 239 141 255 1 239 1 186 1 165 77 172 1 170 1 172 1 247 140 255 1 243 1 195 1 165 78 172 1 170 1 180 1 252 139 255 1 239 1 195 1 165 1 170 78 172 1 165 1 195 139 255 1 229 1 186 1 165 1 170 79 172 1 165 1 214 137 255 1 247 1 212 1 172 1 168 
80 172 1 170 1 168 1 235 135 255 1 252 1 221 1 186 1 165 1 170 81 172 1 168 1 186 1 251 133 255 1 245 1 218 1 186 1 165 1 168 83 172 1 165 1 208 131 255 1 245 1 224 1 202 1 176 1 165 1 168 1 170 83 172 1 170 1 172 1 239 126 255 1 251 1 239 1 224 1 208 1 190 1 170 1 165 1 168 1 170 86 172 1 165 1 199 109 255 1 251 1 204 1 188 1 202 1 208 1 214 1 218 1 221 2 224 2 221 1 218 1 214 1 208 1 199 1 190 1 180 1 168 1 165 2 168 2 170 
88 172 1 168 1 172 
1 235 112 255 1 232 1 172 1 165 8 168 4 170 83 172 1 158 9 172 1 170 1 165 1 208 116 255 1 214 1 165 1 170 102 172 1 165 1 186 1 245 118 255 1 252 1 199 1 165 1 170 
98 172 1 168 1 176 1 229 122 255 1 245 1 190 1 165 1 170 94 172 1 168 1 170 1 218 126 255 
1 239 1 190 1 165 1 170 90 172 1 168 1 170 1 214 130 255 1 243 1 195 1 165 1 170 86 172 1 168 1 172 1 214 134 255 1 247 1 202 1 165 1 168 81 172 1 170 
1 165 1 176 1 221 138 255 1 252 1 218 1 176 1 165 1 170 76 172 1 170 1 165 1 190 1 232 143 255 1 235 1 195 1 165 1 168 71 172 1 170 1 165 1 172 1 212 1 247 147 255 1 252 1 221 1 186 1 165 
1 168 65 172 1 170 2 168 1 199 1 235 153 255 1 247 1 218 1 186 1 165 1 168 1 170 58 172 1 170 1 165 1 170 1 199 1 232 159 255 1 251 1 224 1 195 1 168 1 165 2 170 50 172 1 170 
1 168 1 165 1 180 1 208 1 235 166 255 1 239 1 214 1 190 1 168 1 165 1 168 1 170 41 172 1 170 2 168 1 165 1 180 1 204 1 227 1 251 173 255 1 243 1 221 1 202 1 180 2 165 1 168 2 170 29 172 2 170 1 168 2 165 1 176 1 196 1 214 1 235 1 252 182 255 
1 245 1 229 1 214 1 202 1 186 1 176 2 165 4 168 12 170 4 168 3 165 1 172 1 186 1 199 1 212 1 227 1 239 195 255 1 247 1 239 1 232 1 224 1 218 1 214 11 208 1 214 1 221 1 227 1 235 1 243 1 247 8909 255 
8916 255 1 253 1 250 1 248 1 247 1 245 2 244 1 245 1 246 1 247 1 250 1 253 209 255 1 250 1 244 1 240 5 236 4 237 5 236 1 239 1 243 1 249 1 254 201 255 1 249 1 242 
2 236 18 237 2 236 1 240 1 247 1 254 195 255 1 254 1 244 1 237 1 236 24 237 2 236 1 242 1 251 33 255 1 250 1 249 156 255 1 254 1 243 1 236 30 237 1 236 1 240 1 251 29 255 1 253 1 241 
1 234 1 254 155 255 1 245 1 236 34 237 1 236 1 242 1 254 25 255 1 253 1 243 2 236 1 242 154 255 1 251 1 238 1 236 37 237 
1 236 1 247 22 255 1 253 1 243 1 236 2 237 1 236 
1 251 62 255 1 253 1 249 89 255 1 244 1 236 40 237 1 236 1 240 1 254 18 255 1 250 1 240 1 236 4 237 1 239 63 255 1 242 1 236 1 253 86 255 1 254 1 240 1 236 44 237 1 251 14 255 1 253 1 246 1 238 1 236 5 237 1 236 1 250 
62 255 1 253 1 236 2 237 1 254 84 255 1 253 47 237 1 236 1 248 10 255 1 254 1 247 1 240 1 236 8 237 1 240 63 255 1 243 3 237 1 239 83 255 1 251 1 236 48 237 1 236 1 246 6 255 1 252 1 247 1 240 2 236 9 237 1 236 1 251 62 255 1 254 1 236 4 237 1 240 81 255 1 251 
1 236 50 237 1 236 1 245 1 255 1 252 1 247 1 243 1 237 2 236 
12 237 1 243 63 255 1 246 1 236 4 237 1 236 1 242 79 255 1 253 1 236 53 237 3 236 16 237 64 255 1 238 6 237 1 236 1 243 77 255 1 254 72 237 1 236 1 250 63 255 1 252 1 236 7 237 1 236 1 244 76 255 1 239 71 237 1 236 1 245 64 255 
1 246 9 237 1 236 1 244 74 255 1 243 1 236 71 237 1 241 65 255 1 240 10 237 1 236 1 243 72 255 1 250 1 236 71 237 1 239 66 255 
1 236 11 237 1 236 1 243 71 255 72 237 1 239 13 255 1 254 52 255 1 251 1 236 12 237 1 236 1 241 
69 255 1 243 71 237 1 239 12 255 1 249 1 240 1 254 52 255 1 247 
1 236 14 237 1 240 67 255 1 253 1 236 69 237 1 236 1 240 10 255 1 251 1 244 1 237 1 234 1 251 53 255 1 244 16 237 1 238 1 253 65 255 1 241 69 237 1 236 1 243 8 255 1 251 1 244 
1 238 1 236 1 237 1 236 1 245 54 255 1 242 
18 237 1 251 63 255 1 252 1 236 68 237 1 236 1 248 5 255 1 253 1 249 1 243 1 237 1 236 4 237 1 240 55 255 1 240 18 237 1 236 1 247 62 255 1 242 68 237 1 240 1 254 2 255 1 251 1 247 1 243 1 238 2 236 7 237 1 254 55 255 1 238 
19 237 1 236 1 243 60 255 1 254 1 236 67 237 
1 239 1 245 1 242 1 238 3 236 9 237 1 236 1 252 56 255 21 237 1 236 1 239 1 254 58 255 1 246 1 236 82 237 
1 236 1 249 57 255 23 237 1 236 1 249 57 255 1 239 82 237 1 236 1 245 58 255 24 237 1 236 1 243 55 255 1 253 1 236 81 237 1 236 1 243 
59 255 1 238 
24 237 1 236 1 238 1 252 53 255 1 247 1 236 80 237 1 236 1 242 60 255 1 239 26 237 1 236 1 244 52 255 1 242 80 237 1 236 1 241 61 255 1 241 
27 237 1 236 1 238 1 251 
50 255 80 237 1 236 1 241 62 255 1 243 1 236 28 237 1 236 1 243 48 255 1 253 1 236 78 237 1 236 1 242 63 255 1 246 
1 236 31 237 1 247 46 255 1 250 1 236 77 237 1 236 1 243 64 255 1 250 1 236 31 237 1 236 1 239 1 250 44 255 1 247 1 236 76 237 1 236 1 246 65 255 1 254 
1 236 33 237 1 236 1 241 1 252 42 255 1 244 76 237 1 236 1 249 67 255 1 238 35 237 1 236 1 242 1 253 40 255 1 242 76 237 1 252 68 255 
1 243 1 236 36 237 1 236 1 242 1 252 38 255 1 241 73 237 1 236 1 240 70 255 1 249 1 236 38 237 1 236 1 241 1 250 36 255 1 240 73 237 1 246 72 255 1 236 40 237 1 236 1 239 1 248 34 255 1 240 72 237 1 236 1 254 72 255 1 243 42 237 1 236 
1 237 1 244 1 253 31 255 1 240 72 237 1 236 1 253 72 255 1 250 1 236 44 237 1 236 1 240 1 247 1 254 28 255 1 241 72 237 1 236 1 253 73 255 1 239 46 237 2 236 1 241 1 249 26 255 1 243 72 237 1 236 1 252 73 255 1 248 1 236 48 237 2 236 1 241 1 247 1 253 22 255 1 244 72 237 1 236 1 252 74 255 1 238 51 237 2 236 1 238 1 244 1 249 1 254 18 255 1 247 1 236 71 237 1 236 1 252 74 255 1 249 1 236 54 237 2 236 1 239 1 243 1 248 1 252 14 255 1 250 1 236 71 237 1 236 1 253 75 255 1 239 58 237 3 236 1 240 1 243 1 247 1 250 1 253 8 255 1 254 1 236 71 237 1 236 1 253 75 255 1 252 1 236 61 237 5 236 1 238 1 240 1 243 1 244 1 247 1 248 1 250 1 251 1 238 71 237 1 236 1 254 76 255 1 244 1 236 69 237 4 236 72 237 1 236 78 255 1 239 145 237 1 236 78 255 1 254 1 236 145 237 79 255 1 250 1 236 143 237 1 239 80 255 1 248 1 236 142 237 1 240 81 255 1 247 1 236 141 237 1 242 70 255 1 250 1 239 1 251 9 255 1 247 1 236 140 237 1 244 70 255 1 252 2 236 1 240 1 249 8 255 1 249 1 236 138 237 1 236 1 247 70 255 1 253 1 236 2 237 1 236 1 237 1 244 1 251 6 255 1 251 138 237 1 236 1 249 70 255 1 254 1 236 
5 237 1 236 1 237 1 243 1 247 1 251 4 255 1 241 136 237 1 236 1 252 71 255 1 236 8 237 3 236 1 238 1 241 1 243 1 245 
1 239 135 237 1 236 72 255 1 238 
152 237 72 255 1 242 151 237 1 241 72 255 1 245 
151 237 1 244 72 255 1 250 1 236 149 237 1 236 1 248 72 255 1 254 
1 236 149 237 
1 236 1 252 73 255 1 240 149 237 1 236 74 255 
1 246 149 237 
1 240 74 255 1 253 1 236 148 237 1 244 75 255 1 240 147 237 1 236 
1 250 75 255 1 248 1 236 146 237 1 236 1 254 76 255 147 237 1 239 
77 255 1 246 1 236 145 237 1 244 78 255 145 237 1 236 1 250 
78 255 1 247 1 236 143 237 1 236 80 255 1 239 143 237 1 242 80 255 1 252 1 236 141 237 1 236 1 248 81 255 1 245 1 236 140 237 1 236 1 254 82 255 1 240 140 237 1 240 83 255 1 254 139 237 1 236 1 247 84 255 1 252 1 236 137 237 1 236 1 254 85 255 1 250 1 236 136 237 1 241 87 255 1 250 1 236 134 237 1 236 1 249 88 255 1 250 1 236 134 237 90 255 1 252 133 237 1 244 91 255 1 254 1 240 1 236 129 237 1 236 1 253 93 255 1 245 
1 236 128 237 1 240 95 255 1 252 1 239 1 236 125 237 1 236 1 249 97 255 1 247 1 237 1 236 124 237 100 255 1 247 1 237 1 236 120 237 1 236 1 247 102 255 1 249 1 240 2 236 117 237 1 236 105 255 1 253 1 247 1 240 1 236 115 237 1 244 109 255 1 245 113 237 1 236 1 254 93 255 1 253 1 240 1 244 1 247 1 249 1 250 1 251 1 252 2 251 1 250 1 248 1 245 1 243 1 239 1 236 114 237 1 244 95 255 1 239 10 236 117 237 1 236 1 254 95 255 1 247 1 236 125 237 1 236 1 245 97 255 1 236 126 237 98 255 1 244 124 237 1 236 1 247 98 255 1 254 1 236 
123 237 1 238 100 255 1 244 1 236 121 237 1 236 1 250 101 255 
122 237 1 241 102 255 1 249 1 236 119 237 1 236 1 253 103 255 1 241 1 236 117 237 
1 236 1 246 104 255 1 254 118 237 1 239 106 255 1 251 1 236 115 237 1 236 
1 252 107 255 1 247 1 236 113 237 1 236 1 244 109 255 1 244 1 236 112 237 1 239 111 255 1 243 1 236 110 237 1 236 1 253 112 255 1 243 1 236 108 237 1 236 1 247 114 255 1 244 1 236 107 237 1 241 116 255 1 248 1 236 106 237 118 255 1 252 1 238 1 236 102 237 1 236 1 252 120 255 1 243 1 236 100 237 1 236 1 247 122 255 1 251 1 239 1 236 
97 237 1 236 1 243 125 255 1 248 1 237 1 236 95 237 1 240 128 255 1 248 1 239 2 236 91 237 1 238 131 255 1 251 1 243 1 237 1 236 89 237 1 254 134 255 1 250 1 244 1 240 3 236 82 237 1 236 1 252 139 255 1 252 1 249 1 246 1 244 2 242 77 237 1 236 1 251 145 255 1 243 76 237 1 236 1 250 144 255 1 252 1 238 
76 237 1 236 1 249 144 255 1 245 1 236 76 237 
1 236 1 249 143 255 1 253 1 239 1 236 76 237 1 236 1 250 143 255 1 244 1 236 77 237 1 236 1 250 
142 255 1 249 1 237 1 236 77 237 1 236 1 251 141 255 1 251 1 240 1 236 79 237 1 253 140 255 1 252 1 242 1 236 79 237 1 239 1 254 139 255 1 251 1 242 1 236 79 237 1 236 1 242 139 255 1 249 1 240 1 236 80 237 1 236 1 246 137 255 1 253 1 245 1 237 1 236 
81 237 1 236 1 250 135 255 1 254 1 247 1 240 1 236 82 237 1 236 1 240 1 254 133 255 1 253 1 247 1 240 2 236 83 237 1 236 1 244 131 255 1 253 1 248 1 243 1 238 2 236 86 237 1 251 126 255 1 254 1 251 1 248 1 244 1 241 1 237 2 236 87 237 1 236 1 243 109 255 1 254 1 244 1 240 1 243 1 244 1 246 2 247 2 248 3 247 1 246 1 244 1 243 1 241 1 239 4 236 90 237 1 236 1 237 
1 250 112 255 1 250 1 237 9 236 87 237 1 217 10 237 1 236 1 244 116 255 1 246 1 236 103 237 1 236 1 240 1 253 118 255 1 254 1 243 1 236 99 237 1 236 1 238 1 249 122 255 1 253 1 241 1 236 95 237 1 236 1 237 1 247 126 255 
1 251 1 241 1 236 91 237 1 236 1 237 1 246 130 255 1 252 1 242 1 236 87 237 1 236 1 237 1 246 134 255 1 253 1 243 2 236 82 237 
1 236 1 238 1 247 138 255 1 254 1 247 1 238 1 236 78 237 1 236 1 241 1 250 143 255 1 250 1 242 2 236 72 237 1 236 1 237 1 245 1 253 147 255 1 254 1 247 1 240 2 236 66 237 2 236 1 243 1 250 153 255 1 253 1 247 1 240 2 236 60 237 1 236 1 237 1 243 1 250 159 255 1 254 1 248 1 242 2 236 53 237 
2 236 1 239 1 244 1 250 166 255 1 251 1 246 1 241 3 236 43 237 3 236 1 239 1 244 1 249 1 254 173 255 1 252 1 247 1 243 1 239 3 236 33 237 3 236 1 238 1 242 1 246 1 250 1 254 182 255 
1 253 1 249 1 246 1 243 1 240 1 238 6 236 12 237 7 236 1 237 1 240 1 243 1 245 1 249 1 251 195 255 1 253 1 251 1 250 1 248 1 247 1 246 11 244 1 246 1 247 1 249 1 250 1 252 1 253 8909 255 
